# Mess-Beginn: 06.11.2018 17:02:07
# Kei2000	Kei2000
-2.79270887E+0	-2.09048319E+0
-2.77581096E+0	-2.08539486E+0
-2.75907874E+0	-2.08004165E+0
-2.73705769E+0	-2.07389903E+0
-2.71613050E+0	-2.06851053E+0
-2.69192147E+0	-2.06322694E+0
-2.66442847E+0	-2.05473995E+0
-2.63141203E+0	-2.04387879E+0
-2.60224438E+0	-2.03343701E+0
-2.57232451E+0	-2.02324867E+0
-2.54292369E+0	-2.01194024E+0
-2.50815773E+0	-2.00045896E+0
-2.47350025E+0	-1.98800790E+0
-2.44284844E+0	-1.97529078E+0
-2.41093493E+0	-1.96224034E+0
-2.37426543E+0	-1.94769132E+0
-2.34376979E+0	-1.93224072E+0
-2.30606556E+0	-1.91949821E+0
-2.27131772E+0	-1.90298676E+0
-2.23410177E+0	-1.88368833E+0
-2.19859362E+0	-1.86756539E+0
-2.15977168E+0	-1.85004163E+0
-2.11900234E+0	-1.83379471E+0
-2.08193016E+0	-1.81534338E+0
-2.03817344E+0	-1.79525363E+0
-2.00235677E+0	-1.77961528E+0
-1.96780109E+0	-1.76211417E+0
-1.92697930E+0	-1.74429953E+0
-1.89029276E+0	-1.72460628E+0
-1.84533536E+0	-1.70443571E+0
-1.80774581E+0	-1.68573654E+0
-1.77081013E+0	-1.66617477E+0
-1.72878659E+0	-1.64504433E+0
-1.69399464E+0	-1.62388921E+0
-1.65345371E+0	-1.60030067E+0
-1.61877096E+0	-1.58091843E+0
-1.58454490E+0	-1.55754280E+0
-1.54515243E+0	-1.53731334E+0
-1.51391065E+0	-1.52132678E+0
-1.47848439E+0	-1.50027204E+0
-1.44714689E+0	-1.48031962E+0
-1.41360712E+0	-1.45826018E+0
-1.37140155E+0	-1.43121278E+0
-1.33150828E+0	-1.40965438E+0
-1.29887211E+0	-1.38773060E+0
-1.26688063E+0	-1.36567247E+0
-1.23507857E+0	-1.34395170E+0
-1.19779575E+0	-1.32115626E+0
-1.15948820E+0	-1.29538345E+0
-1.12876177E+0	-1.27123749E+0
-1.10005927E+0	-1.24958587E+0
-1.06668651E+0	-1.22667706E+0
-1.03515613E+0	-1.20299304E+0
-9.95007455E-1	-1.17668700E+0
-9.58373904E-1	-1.14802718E+0
-9.22614217E-1	-1.11856294E+0
-8.80716980E-1	-1.07868326E+0
-8.42884243E-1	-1.05622196E+0
-8.00413191E-1	-1.03023422E+0
-7.63817012E-1	-1.00146067E+0
-7.18892753E-1	-9.63071346E-1
-6.86679840E-1	-9.28058386E-1
-6.40687227E-1	-8.95362198E-1
-5.96921146E-1	-8.57819200E-1
-5.59191167E-1	-8.22598100E-1
-5.21044374E-1	-7.85544455E-1
-4.83225912E-1	-7.51107812E-1
-4.40211445E-1	-7.18954802E-1
-3.98133159E-1	-6.85822189E-1
-3.61322761E-1	-6.50579214E-1
-3.22200090E-1	-6.10826135E-1
-2.80657232E-1	-5.69505930E-1
-2.31667161E-1	-5.28939664E-1
-1.92741767E-1	-4.86813992E-1
-1.48688540E-1	-4.36081350E-1
-1.08949766E-1	-3.95836771E-1
-6.60469830E-2	-3.44678104E-1
-1.26190074E-2	-3.01165462E-1
3.11724041E-2	-2.60944426E-1
7.98322484E-2	-2.22653523E-1
1.22601405E-1	-1.69013992E-1
1.68952689E-1	-1.16862774E-1
2.24287882E-1	-6.27827048E-2
2.68879831E-1	-1.74027011E-2
3.18756491E-1	3.34140547E-2
3.56770694E-1	8.63453969E-2
4.16218638E-1	1.38024837E-1
4.72935140E-1	1.88875452E-1
5.18396974E-1	2.39348292E-1
5.64007998E-1	2.92802274E-1
6.22713387E-1	3.53142232E-1
6.76170588E-1	4.14891958E-1
7.38501012E-1	4.75471675E-1
7.90710151E-1	5.35090804E-1
8.53590429E-1	5.94346762E-1
8.98800910E-1	6.53756142E-1
9.64463592E-1	7.12174773E-1
1.03066802E+0	7.73304701E-1
1.09003472E+0	8.37718189E-1
1.14910018E+0	9.01453912E-1
1.20347309E+0	9.62171257E-1
1.26678336E+0	1.02017188E+0
1.33283412E+0	1.07858467E+0
1.38841414E+0	1.13563454E+0
1.44249058E+0	1.18913114E+0
1.50682306E+0	1.24378574E+0
1.56343353E+0	1.30021620E+0
1.63190114E+0	1.35603261E+0
1.69013762E+0	1.41156793E+0
1.75662398E+0	1.47499478E+0
1.81143904E+0	1.53879511E+0
1.86455667E+0	1.59016013E+0
1.92641973E+0	1.63082516E+0
1.97934783E+0	1.66531003E+0
2.03021932E+0	1.71565592E+0
2.08650851E+0	1.75528145E+0
2.13545513E+0	1.79513574E+0
2.19340515E+0	1.83416831E+0
2.23980045E+0	1.87687886E+0
2.28918242E+0	1.90872395E+0
2.32989168E+0	1.93980300E+0
2.37197495E+0	1.97178411E+0
2.42188525E+0	2.00168705E+0
2.46140623E+0	2.02912021E+0
2.50083566E+0	2.05699921E+0
2.53938651E+0	2.08455825E+0
2.58270168E+0	2.11010981E+0
2.62483072E+0	2.13543940E+0
2.65980577E+0	2.16054320E+0
2.69290018E+0	2.18464494E+0
2.72260451E+0	2.20429802E+0
2.75595355E+0	2.21925449E+0
2.78679633E+0	2.23543191E+0
2.81002355E+0	2.24838352E+0
2.83480883E+0	2.26496339E+0
2.85244417E+0	2.27699375E+0
2.86579418E+0	2.28440499E+0
2.87672639E+0	2.29148006E+0
2.88197231E+0	2.29591012E+0
2.88395214E+0	2.29767919E+0
2.88296151E+0	2.29796004E+0
2.87864923E+0	2.30006886E+0
2.86874628E+0	2.30164933E+0
2.85757613E+0	2.29792190E+0
2.84283543E+0	2.29384828E+0
2.82802868E+0	2.28967261E+0
2.80982494E+0	2.28133082E+0
2.78487778E+0	2.27449727E+0
2.76090360E+0	2.26605248E+0
2.73391581E+0	2.25465107E+0
2.69951415E+0	2.24550533E+0
2.66828275E+0	2.23214173E+0
2.62743974E+0	2.21656108E+0
2.58990836E+0	2.19700050E+0
2.54545164E+0	2.17657018E+0
2.50803375E+0	2.15773535E+0
2.46895933E+0	2.13778949E+0
2.41955972E+0	2.12004161E+0
2.37164330E+0	2.10214353E+0
2.33011103E+0	2.08384180E+0
2.28624892E+0	2.06377888E+0
2.24103856E+0	2.04301190E+0
2.18672085E+0	2.01870847E+0
2.13887954E+0	1.99859703E+0
2.07828856E+0	1.97008646E+0
2.02498388E+0	1.94330323E+0
1.97249520E+0	1.91654599E+0
1.90771902E+0	1.88353217E+0
1.84195495E+0	1.85363042E+0
1.78798819E+0	1.82167304E+0
1.73597145E+0	1.79344070E+0
1.68155551E+0	1.75820243E+0
1.61312246E+0	1.71796703E+0
1.55509162E+0	1.68523169E+0
1.48659146E+0	1.64735520E+0
1.42510593E+0	1.60533226E+0
1.36188769E+0	1.56128693E+0
1.28629148E+0	1.51700914E+0
1.22043324E+0	1.47108603E+0
1.14323819E+0	1.42270470E+0
1.07983315E+0	1.37440503E+0
1.01745141E+0	1.32442892E+0
9.42395508E-1	1.26633048E+0
8.70390296E-1	1.21971858E+0
8.09429109E-1	1.16288340E+0
7.47177660E-1	1.10438669E+0
6.76930964E-1	1.05193460E+0
6.08459532E-1	9.90261078E-1
5.48115492E-1	9.37573075E-1
4.88365650E-1	8.81073952E-1
4.29546565E-1	8.13471854E-1
3.69146973E-1	7.55593956E-1
2.95164585E-1	6.94597840E-1
2.31809869E-1	6.30336404E-1
1.66394249E-1	5.59482336E-1
9.86219421E-2	4.84938115E-1
1.95312575E-2	4.14822608E-1
-5.65884523E-2	3.45321566E-1
-1.21374644E-1	2.74047822E-1
-1.82007119E-1	2.06426561E-1
-2.50494748E-1	1.39941558E-1
-3.12974602E-1	7.07729161E-2
-3.87292355E-1	9.27459681E-4
-4.45341736E-1	-6.53683469E-2
-5.02792060E-1	-1.28106862E-1
-5.59576392E-1	-1.89679965E-1
-6.22216940E-1	-2.57467657E-1
-6.81633949E-1	-3.08082283E-1
-7.33595133E-1	-3.69349688E-1
-7.87595987E-1	-4.33691055E-1
-8.39980245E-1	-4.88500535E-1
-9.02657330E-1	-5.54450035E-1
-9.69766498E-1	-6.13653839E-1
-1.03131878E+0	-6.79492533E-1
-1.10190856E+0	-7.45271683E-1
-1.16063809E+0	-8.19710732E-1
-1.22227502E+0	-8.83380949E-1
-1.29667926E+0	-9.46752727E-1
-1.35550344E+0	-9.98904407E-1
-1.42351413E+0	-1.04757118E+0
-1.48395503E+0	-1.10177064E+0
-1.54532969E+0	-1.15781283E+0
-1.61751497E+0	-1.21411633E+0
-1.67799628E+0	-1.27013803E+0
-1.74440038E+0	-1.32461488E+0
-1.79718482E+0	-1.37414730E+0
-1.84914446E+0	-1.42161095E+0
-1.91270506E+0	-1.47722852E+0
-1.96592510E+0	-1.51853895E+0
-2.02351809E+0	-1.56379962E+0
-2.07125878E+0	-1.60249972E+0
-2.11947060E+0	-1.65316081E+0
-2.18164015E+0	-1.68862629E+0
-2.22658014E+0	-1.72693264E+0
-2.27131915E+0	-1.76340914E+0
-2.32341003E+0	-1.80005562E+0
-2.36519599E+0	-1.83221614E+0
-2.41304064E+0	-1.86985624E+0
-2.45990968E+0	-1.89808249E+0
-2.49719453E+0	-1.92229044E+0
-2.53154969E+0	-1.94762588E+0
-2.56462598E+0	-1.97114122E+0
-2.60361743E+0	-1.99435604E+0
-2.63989091E+0	-2.02174830E+0
-2.66780639E+0	-2.04661751E+0
-2.69751477E+0	-2.06412578E+0
-2.72184420E+0	-2.08001566E+0
-2.74467778E+0	-2.09426546E+0
-2.77007771E+0	-2.10710168E+0
-2.78858757E+0	-2.12049079E+0
-2.80355763E+0	-2.12106228E+0
-2.81701303E+0	-2.12095761E+0
-2.82638788E+0	-2.12763858E+0
-2.83499122E+0	-2.13189173E+0
-2.83941483E+0	-2.13502002E+0
-2.84115720E+0	-2.13660145E+0
-2.84032941E+0	-2.13734460E+0
-2.83684039E+0	-2.13627863E+0
-2.82912970E+0	-2.13494229E+0
-2.82148361E+0	-2.13296795E+0
-2.81096029E+0	-2.12925172E+0
-2.79954720E+0	-2.12448478E+0
-2.78451777E+0	-2.11816168E+0
-2.76253009E+0	-2.11035848E+0
-2.74192810E+0	-2.11003613E+0
-2.71888328E+0	-2.11067843E+0
-2.68901706E+0	-2.10150337E+0
-2.66048384E+0	-2.08935404E+0
