# Mess-Beginn: 06.11.2018 17:03:52
# Kei2000	Kei2000
1.87596881E+0	2.32012677E+0
1.86566567E+0	2.31611419E+0
1.85084653E+0	2.31167102E+0
1.83441103E+0	2.30545878E+0
1.81490946E+0	2.29486179E+0
1.78848898E+0	2.28152275E+0
1.76753366E+0	2.27114820E+0
1.73318124E+0	2.26090932E+0
1.69604707E+0	2.24884677E+0
1.66117001E+0	2.23134518E+0
1.62290347E+0	2.20874333E+0
1.58197761E+0	2.17990375E+0
1.52922547E+0	2.15815687E+0
1.47465181E+0	2.13521242E+0
1.42819273E+0	2.11185980E+0
1.37998998E+0	2.08545589E+0
1.32928896E+0	2.06008339E+0
1.27092087E+0	2.03370047E+0
1.22242117E+0	2.00606537E+0
1.16688454E+0	1.97714818E+0
1.12041497E+0	1.94449830E+0
1.07102084E+0	1.90892994E+0
1.00897706E+0	1.87111723E+0
9.56682622E-1	1.83215094E+0
9.05470967E-1	1.79213321E+0
8.46799135E-1	1.75129461E+0
7.97923625E-1	1.70598054E+0
7.40646541E-1	1.66144979E+0
6.91504836E-1	1.61908019E+0
6.37600899E-1	1.56786120E+0
5.93005300E-1	1.52351105E+0
5.47116339E-1	1.46792471E+0
4.94321764E-1	1.42103636E+0
4.50164795E-1	1.37091184E+0
3.98883700E-1	1.31679928E+0
3.56146246E-1	1.25059497E+0
3.12562138E-1	1.19012022E+0
2.59302706E-1	1.12713695E+0
2.16003716E-1	1.06596947E+0
1.74683437E-1	1.00130832E+0
1.28316477E-1	9.34235275E-1
8.80292505E-2	8.67107809E-1
4.63956036E-2	7.95680523E-1
4.20445664E-4	7.23500907E-1
-3.75154875E-2	6.54896796E-1
-7.82976598E-2	5.85294664E-1
-1.11188397E-1	5.15097022E-1
-1.50267348E-1	4.46274698E-1
-1.83770135E-1	3.76697809E-1
-2.16706425E-1	3.07465941E-1
-2.48252571E-1	2.37120211E-1
-2.87070632E-1	1.53191194E-1
-3.19268823E-1	8.90581533E-2
-3.55445445E-1	1.53980115E-2
-3.86608362E-1	-4.54065166E-2
-4.17437315E-1	-1.21791102E-1
-4.54939038E-1	-1.87711239E-1
-4.92968887E-1	-2.66932189E-1
-5.25743723E-1	-3.32472771E-1
-5.59154809E-1	-4.00357276E-1
-5.96950352E-1	-4.80601788E-1
-6.30069613E-1	-5.46234548E-1
-6.71050012E-1	-6.15014493E-1
-7.04171538E-1	-6.85481071E-1
-7.35889137E-1	-7.45817125E-1
-7.67236412E-1	-8.04597735E-1
-8.03188682E-1	-8.64359200E-1
-8.37093055E-1	-9.17680204E-1
-8.65245640E-1	-9.76266623E-1
-8.93987477E-1	-1.04370642E+0
-9.27235544E-1	-1.10547769E+0
-9.55332518E-1	-1.15516424E+0
-9.88990903E-1	-1.20167208E+0
-1.01771140E+0	-1.24611938E+0
-1.04747200E+0	-1.29281855E+0
-1.08243823E+0	-1.34069073E+0
-1.11257088E+0	-1.38738847E+0
-1.14894605E+0	-1.43125319E+0
-1.18077064E+0	-1.48231936E+0
-1.21862078E+0	-1.53251410E+0
-1.24567604E+0	-1.57130849E+0
-1.28530717E+0	-1.61727309E+0
-1.32414973E+0	-1.65590346E+0
-1.35667467E+0	-1.70050156E+0
-1.38836348E+0	-1.73677063E+0
-1.42513418E+0	-1.77408254E+0
-1.45765293E+0	-1.80950630E+0
-1.49471939E+0	-1.84834003E+0
-1.52484214E+0	-1.87898779E+0
-1.55442655E+0	-1.90800285E+0
-1.58273983E+0	-1.93561971E+0
-1.61510992E+0	-1.96200776E+0
-1.64633548E+0	-1.98815310E+0
-1.67169225E+0	-2.01215267E+0
-1.69474828E+0	-2.03143120E+0
-1.71914840E+0	-2.04956937E+0
-1.74007344E+0	-2.06784678E+0
-1.76316702E+0	-2.08648968E+0
-1.77944469E+0	-2.10090876E+0
-1.79280591E+0	-2.11050653E+0
-1.80385506E+0	-2.12031627E+0
-1.81433165E+0	-2.12782645E+0
-1.82118559E+0	-2.13361120E+0
-1.82715082E+0	-2.13939214E+0
-1.83090532E+0	-2.14298916E+0
-1.83292091E+0	-2.14549041E+0
-1.83319604E+0	-2.14829588E+0
-1.83104730E+0	-2.14920521E+0
-1.82755673E+0	-2.14719319E+0
-1.82114160E+0	-2.14384842E+0
-1.81365728E+0	-2.13981080E+0
-1.80389905E+0	-2.13539791E+0
-1.79103470E+0	-2.13062334E+0
-1.77847672E+0	-2.12509251E+0
-1.76063943E+0	-2.11770010E+0
-1.74381006E+0	-2.10832882E+0
-1.72524905E+0	-2.10119653E+0
-1.69956875E+0	-2.09010339E+0
-1.67574537E+0	-2.07725334E+0
-1.64688718E+0	-2.06595135E+0
-1.62441039E+0	-2.05087066E+0
-1.58809769E+0	-2.03693461E+0
-1.54857898E+0	-2.02124500E+0
-1.51229811E+0	-2.00356412E+0
-1.46607399E+0	-1.98388243E+0
-1.42475903E+0	-1.95726788E+0
-1.38214147E+0	-1.93397248E+0
-1.33110237E+0	-1.90987468E+0
-1.28787529E+0	-1.88484919E+0
-1.24586761E+0	-1.85999894E+0
-1.19952118E+0	-1.83517992E+0
-1.15818620E+0	-1.80864811E+0
-1.10748613E+0	-1.78084731E+0
-1.05775476E+0	-1.75225830E+0
-1.01219940E+0	-1.72106969E+0
-9.66705859E-1	-1.68839014E+0
-9.22069430E-1	-1.65502179E+0
-8.61105621E-1	-1.61995196E+0
-8.14520180E-1	-1.58283186E+0
-7.69406855E-1	-1.53837633E+0
-7.25061953E-1	-1.49638772E+0
-6.72242105E-1	-1.45982659E+0
-6.25824451E-1	-1.41322052E+0
-5.72410047E-1	-1.37184727E+0
-5.27398586E-1	-1.31938505E+0
-4.76942062E-1	-1.27281487E+0
-4.34789091E-1	-1.22198236E+0
-3.83214056E-1	-1.16751373E+0
-3.38824421E-1	-1.10425782E+0
-2.89012790E-1	-1.04935348E+0
-2.46097878E-1	-9.89033163E-1
-2.05235824E-1	-9.27581429E-1
-1.57259524E-1	-8.65457118E-1
-1.08354189E-1	-8.00614655E-1
-6.73776567E-2	-7.31971383E-1
-2.13177539E-2	-6.61230505E-1
1.80861596E-2	-5.87469876E-1
5.66161163E-2	-5.14330864E-1
1.02347352E-1	-4.41394269E-1
1.41408041E-1	-3.65037501E-1
1.78821474E-1	-2.85218537E-1
2.15734273E-1	-2.04325408E-1
2.62075663E-1	-1.23475835E-1
3.00795227E-1	-3.89705151E-2
3.47088665E-1	4.78985347E-2
3.88092309E-1	1.35170132E-1
4.27500933E-1	2.25409612E-1
4.76270437E-1	3.18524301E-1
5.26256561E-1	4.11755621E-1
5.70399344E-1	5.06954491E-1
6.15630627E-1	6.02606714E-1
6.59313738E-1	6.96942508E-1
7.14749217E-1	7.95037329E-1
7.71900833E-1	8.93125296E-1
8.20827842E-1	9.89222229E-1
8.71113420E-1	1.08507454E+0
9.19508100E-1	1.17833853E+0
9.80623484E-1	1.26870811E+0
1.04301584E+0	1.35509622E+0
1.09476578E+0	1.43720996E+0
1.14708364E+0	1.51661730E+0
1.20549428E+0	1.59428382E+0
1.25664830E+0	1.67960417E+0
1.31862533E+0	1.74554229E+0
1.37179291E+0	1.82148600E+0
1.42542315E+0	1.88773870E+0
1.47748065E+0	1.94384062E+0
1.54054415E+0	2.00219083E+0
1.60156858E+0	2.05685687E+0
1.65288734E+0	2.10551977E+0
1.70155573E+0	2.15460920E+0
1.73885846E+0	2.19129324E+0
1.79276645E+0	2.23171377E+0
1.82366431E+0	2.25839829E+0
1.84685469E+0	2.27704382E+0
1.86338460E+0	2.29102254E+0
1.87599671E+0	2.30028629E+0
1.88181496E+0	2.30360126E+0
1.88170540E+0	2.30478358E+0
1.87525332E+0	2.30334091E+0
1.86301017E+0	2.29761624E+0
1.84449458E+0	2.28961968E+0
1.81380701E+0	2.27688336E+0
1.77684689E+0	2.26404691E+0
1.74251497E+0	2.24477744E+0
1.70604503E+0	2.22452831E+0
1.66691852E+0	2.20584989E+0
1.61406851E+0	2.18017101E+0
