# Mess-Beginn: 06.11.2018 17:00:01
# Kei2000	Kei2000
3.50924969E+0	2.38144302E+0
3.49885607E+0	2.35878921E+0
3.47708726E+0	2.34428144E+0
3.43810940E+0	2.33396697E+0
3.39536428E+0	2.32006526E+0
3.34573245E+0	2.29941082E+0
3.27474284E+0	2.27888632E+0
3.19178510E+0	2.25841856E+0
3.11496091E+0	2.23011065E+0
3.03138375E+0	2.18018889E+0
2.94529700E+0	2.12369823E+0
2.84222317E+0	2.08535671E+0
2.74936509E+0	2.05128622E+0
2.63427639E+0	2.01029086E+0
2.52724433E+0	1.96250403E+0
2.41780496E+0	1.91074634E+0
2.27843213E+0	1.85109699E+0
2.13635278E+0	1.78702974E+0
2.01505995E+0	1.71896935E+0
1.89458764E+0	1.65166628E+0
1.77555490E+0	1.58814800E+0
1.63612437E+0	1.52402675E+0
1.51959920E+0	1.45609415E+0
1.38637185E+0	1.38481259E+0
1.27088785E+0	1.29397941E+0
1.15876424E+0	1.20480871E+0
1.02683556E+0	1.13225067E+0
9.12147939E-1	1.04144168E+0
7.80404031E-1	9.62186217E-1
6.67959988E-1	8.77834857E-1
5.39628506E-1	7.76743412E-1
4.26738620E-1	6.90745056E-1
2.90936619E-1	6.00151241E-1
1.74325421E-1	4.89579439E-1
7.97989592E-2	3.94731134E-1
-5.17299660E-2	2.96197116E-1
-1.88111231E-1	2.02282980E-1
-3.19190860E-1	1.10055991E-1
-4.31980580E-1	1.36034423E-2
-5.42193115E-1	-8.19905922E-2
-6.63199961E-1	-1.76291019E-1
-7.66336620E-1	-2.66534775E-1
-8.89367640E-1	-3.54676247E-1
-9.96074080E-1	-4.44085866E-1
-1.11805415E+0	-5.32450438E-1
-1.22148967E+0	-6.19799256E-1
-1.32834625E+0	-7.09327638E-1
-1.45529902E+0	-7.98796237E-1
-1.56131184E+0	-8.84417653E-1
-1.66387963E+0	-9.66279507E-1
-1.76245046E+0	-1.04627883E+0
-1.88412011E+0	-1.12454724E+0
-2.00009298E+0	-1.19961512E+0
-2.09957004E+0	-1.27420354E+0
-2.19694161E+0	-1.34453285E+0
-2.30191946E+0	-1.40966940E+0
-2.39191198E+0	-1.47298908E+0
-2.49547958E+0	-1.53199768E+0
-2.56532812E+0	-1.60567367E+0
-2.65738630E+0	-1.64386582E+0
-2.73139977E+0	-1.69602585E+0
-2.82045388E+0	-1.74560642E+0
-2.90350366E+0	-1.78560865E+0
-2.96932292E+0	-1.83206224E+0
-3.03066254E+0	-1.86756122E+0
-3.08397055E+0	-1.89957321E+0
-3.14232922E+0	-1.93184054E+0
-3.19777775E+0	-1.95739615E+0
-3.24037147E+0	-1.98299456E+0
-3.28555822E+0	-2.00366402E+0
-3.32132983E+0	-2.02286863E+0
-3.35417032E+0	-2.04135847E+0
-3.38954926E+0	-2.05638289E+0
-3.41542983E+0	-2.07115436E+0
-3.43857312E+0	-2.08276939E+0
-3.45045185E+0	-2.08865547E+0
-3.46059465E+0	-2.09182096E+0
-3.46158004E+0	-2.09419727E+0
-3.45581293E+0	-2.09204578E+0
-3.44185638E+0	-2.08925724E+0
-3.42558312E+0	-2.08302402E+0
-3.40387630E+0	-2.07393146E+0
-3.37080693E+0	-2.06639147E+0
-3.33899736E+0	-2.05546618E+0
-3.30288672E+0	-2.04375529E+0
-3.26321340E+0	-2.03006506E+0
-3.20966005E+0	-2.01111126E+0
-3.14937401E+0	-1.99364579E+0
-3.09419107E+0	-1.97331297E+0
-3.02474499E+0	-1.94521093E+0
-2.96223664E+0	-1.91734982E+0
-2.89808607E+0	-1.89437044E+0
-2.82850313E+0	-1.86847889E+0
-2.74457574E+0	-1.83796847E+0
-2.67267537E+0	-1.80782926E+0
-2.58541012E+0	-1.77691638E+0
-2.50392437E+0	-1.74044430E+0
-2.39953089E+0	-1.69999373E+0
-2.30481863E+0	-1.65583014E+0
-2.17697644E+0	-1.60871029E+0
-2.09592819E+0	-1.55098271E+0
-1.98084557E+0	-1.49220753E+0
-1.86252415E+0	-1.44155705E+0
-1.76205933E+0	-1.38045382E+0
-1.66444933E+0	-1.32653105E+0
-1.54759824E+0	-1.25724244E+0
-1.46116161E+0	-1.19190931E+0
-1.33082283E+0	-1.10827196E+0
-1.19789839E+0	-1.04006493E+0
-1.08626235E+0	-9.69359934E-1
-9.77651298E-1	-8.90993714E-1
-8.53469312E-1	-8.06955040E-1
-7.24624753E-1	-7.19775021E-1
-6.08462155E-1	-6.34269953E-1
-4.93856817E-1	-5.46526134E-1
-3.60862345E-1	-4.53424871E-1
-2.50548154E-1	-3.58105719E-1
-1.18190028E-1	-2.61167258E-1
-4.34923917E-3	-1.64688885E-1
1.27178371E-1	-6.78672865E-2
2.40881562E-1	2.69266590E-2
3.47923696E-1	1.20294072E-1
4.80694681E-1	2.18455747E-1
6.16002202E-1	3.14064473E-1
7.29015708E-1	4.04342651E-1
8.58202934E-1	4.97654080E-1
9.65796232E-1	5.92149436E-1
1.07692051E+0	6.87874794E-1
1.21281111E+0	7.84418702E-1
1.32864904E+0	8.79462242E-1
1.44172251E+0	9.72469985E-1
1.56945837E+0	1.06360424E+0
1.68078077E+0	1.15659571E+0
1.81027722E+0	1.24572039E+0
1.92124379E+0	1.34445190E+0
2.02869129E+0	1.41978228E+0
2.14619970E+0	1.50295293E+0
2.24759197E+0	1.58560693E+0
2.36599398E+0	1.65076864E+0
2.46297860E+0	1.72580934E+0
2.55396318E+0	1.78436208E+0
2.65194201E+0	1.83971381E+0
2.73215389E+0	1.90088546E+0
2.82154822E+0	1.94679689E+0
2.89266849E+0	1.99040616E+0
2.96828055E+0	2.02862740E+0
3.02768207E+0	2.06194210E+0
3.08615422E+0	2.09605622E+0
3.15111232E+0	2.12883162E+0
3.20034671E+0	2.15484285E+0
3.24640203E+0	2.17741346E+0
3.28792238E+0	2.20020986E+0
3.33092475E+0	2.22444296E+0
3.37119484E+0	2.24473166E+0
3.40202069E+0	2.25938773E+0
3.42911816E+0	2.27506781E+0
3.45332408E+0	2.28704357E+0
3.47871637E+0	2.29813409E+0
3.49826717E+0	2.30846047E+0
3.50908470E+0	2.31377339E+0
3.51546049E+0	2.31737208E+0
3.51558161E+0	2.31928301E+0
3.51083326E+0	2.32037377E+0
3.49874997E+0	2.32154250E+0
3.48368764E+0	2.31839466E+0
3.46581221E+0	2.31378531E+0
3.44016623E+0	2.30855918E+0
3.41424537E+0	2.29938531E+0
3.38019013E+0	2.28698182E+0
3.34764934E+0	2.27457404E+0
3.30613160E+0	2.26354432E+0
3.26845264E+0	2.24911714E+0
3.22694921E+0	2.23426938E+0
3.17065859E+0	2.21484447E+0
