# Mess-Beginn: 06.11.2018 16:58:06
# Kei2000	Kei2000
-4.94050312E+0	-2.08532405E+0
-4.93711519E+0	-2.08449531E+0
-4.92398834E+0	-2.08097076E+0
-4.90116882E+0	-2.07477188E+0
-4.86970663E+0	-2.06393528E+0
-4.81981707E+0	-2.05053854E+0
-4.76983023E+0	-2.03822780E+0
-4.70684481E+0	-2.02182007E+0
-4.64602947E+0	-2.00470257E+0
-4.57873535E+0	-1.98507345E+0
-4.49405575E+0	-1.96127832E+0
-4.41436291E+0	-1.93839014E+0
-4.32661057E+0	-1.91123009E+0
-4.23672533E+0	-1.88271797E+0
-4.11736917E+0	-1.84636140E+0
-3.99330902E+0	-1.81274688E+0
-3.88343167E+0	-1.77517128E+0
-3.74908304E+0	-1.73438156E+0
-3.63155937E+0	-1.69144404E+0
-3.50546598E+0	-1.64368439E+0
-3.34572983E+0	-1.59248519E+0
-3.20791912E+0	-1.54008007E+0
-3.04347467E+0	-1.48453426E+0
-2.89934874E+0	-1.42602110E+0
-2.75062180E+0	-1.36531103E+0
-2.57195687E+0	-1.30263340E+0
-2.39701819E+0	-1.22729993E+0
-2.24682498E+0	-1.16511643E+0
-2.09875846E+0	-1.09067225E+0
-1.94945943E+0	-1.02621675E+0
-1.77526009E+0	-9.46775079E-1
-1.62734568E+0	-8.79743218E-1
-1.47566247E+0	-7.95715809E-1
-1.34985912E+0	-7.08439946E-1
-1.14094269E+0	-6.47513509E-1
-9.86685514E-1	-5.69650829E-1
-8.36902261E-1	-4.77982819E-1
-6.83635890E-1	-3.96082759E-1
-5.24854898E-1	-3.09688956E-1
-3.04045379E-1	-2.19945282E-1
-1.33559078E-1	-1.26182914E-1
3.84170301E-2	-3.09580620E-2
2.10848570E-1	6.71593100E-2
3.83582979E-1	1.65848941E-1
5.94699502E-1	2.65267521E-1
8.02813947E-1	3.64887357E-1
9.75832999E-1	4.61220443E-1
1.14343286E+0	5.56034029E-1
1.33521199E+0	6.48796678E-1
1.50574374E+0	7.41009772E-1
1.70204449E+0	8.32848549E-1
1.86660600E+0	9.22819018E-1
2.02689242E+0	1.01188231E+0
2.18801284E+0	1.09993923E+0
2.38385820E+0	1.18725383E+0
2.57032084E+0	1.27151561E+0
2.72265697E+0	1.35148740E+0
2.86973310E+0	1.42839038E+0
3.01486111E+0	1.50116408E+0
3.18678975E+0	1.57125092E+0
3.35475683E+0	1.64065278E+0
3.49831057E+0	1.70864022E+0
3.61387801E+0	1.78392339E+0
3.76982188E+0	1.84826124E+0
3.91286302E+0	1.89800847E+0
4.02668571E+0	1.95436311E+0
4.13339233E+0	1.99861908E+0
4.24500465E+0	2.04695082E+0
4.33397436E+0	2.08317780E+0
4.43228817E+0	2.11673307E+0
4.50888491E+0	2.15362263E+0
4.59033775E+0	2.18192506E+0
4.65373850E+0	2.20811009E+0
4.71135187E+0	2.23154593E+0
4.77402401E+0	2.25287104E+0
4.82142115E+0	2.27162480E+0
4.86839199E+0	2.28727794E+0
4.90299702E+0	2.30185795E+0
4.93194771E+0	2.31411076E+0
4.95976686E+0	2.32363605E+0
4.97600937E+0	2.33018374E+0
4.98252773E+0	2.33327293E+0
4.97617722E+0	2.33119178E+0
4.95891809E+0	2.32538795E+0
4.92272949E+0	2.31423020E+0
4.87168169E+0	2.30275440E+0
4.81734705E+0	2.28848195E+0
4.75325727E+0	2.26644182E+0
4.67838812E+0	2.24496031E+0
4.57567120E+0	2.21996379E+0
4.46434212E+0	2.19058752E+0
4.36219788E+0	2.15863490E+0
4.25514507E+0	2.12575912E+0
4.13774872E+0	2.08954835E+0
3.99921060E+0	2.05091834E+0
3.87834358E+0	2.00971007E+0
3.75282526E+0	1.95878351E+0
3.60232043E+0	1.91809464E+0
3.46295977E+0	1.86377680E+0
3.29045367E+0	1.80272996E+0
3.14003801E+0	1.74806201E+0
2.96312857E+0	1.67822635E+0
2.80927277E+0	1.61624265E+0
2.64796352E+0	1.54806972E+0
2.44507790E+0	1.46025658E+0
2.26928043E+0	1.38419533E+0
2.06433487E+0	1.30168343E+0
1.88318324E+0	1.21265030E+0
1.69975328E+0	1.11903417E+0
1.48184502E+0	1.02383709E+0
1.25902247E+0	9.28966343E-1
1.06602323E+0	8.30419838E-1
8.76137078E-1	7.28614628E-1
6.49563074E-1	6.25024736E-1
4.47004855E-1	5.00107586E-1
2.11273089E-1	3.99158597E-1
9.26663447E-3	2.79620647E-1
-1.86601087E-1	1.80177137E-1
-4.09080505E-1	5.68047166E-2
-6.38147950E-1	-4.89511974E-2
-8.31856132E-1	-1.70434728E-1
-1.05204463E+0	-2.70933032E-1
-1.20907998E+0	-3.71710956E-1
-1.43030620E+0	-4.88614768E-1
-1.65006506E+0	-5.83944142E-1
-1.83469450E+0	-6.79960608E-1
-2.01562476E+0	-7.79053926E-1
-2.22726107E+0	-8.79175186E-1
-2.40630770E+0	-9.76175904E-1
-2.61853528E+0	-1.06980324E+0
-2.79169464E+0	-1.15965593E+0
-2.95354462E+0	-1.24400544E+0
-3.13826871E+0	-1.32382631E+0
-3.28934932E+0	-1.39963698E+0
-3.46766424E+0	-1.47132075E+0
-3.61230898E+0	-1.53805685E+0
-3.74794984E+0	-1.60149395E+0
-3.87561250E+0	-1.66130733E+0
-3.99400067E+0	-1.72342575E+0
-4.12664270E+0	-1.76798487E+0
-4.24226046E+0	-1.81408250E+0
-4.33340263E+0	-1.84981859E+0
-4.41727257E+0	-1.89031434E+0
-4.50291109E+0	-1.92103314E+0
-4.58504105E+0	-1.95485342E+0
-4.64991903E+0	-1.97961473E+0
-4.70749664E+0	-2.00213885E+0
-4.76635742E+0	-2.02547407E+0
-4.80842018E+0	-2.04164004E+0
-4.85282183E+0	-2.05571747E+0
-4.88495016E+0	-2.06772304E+0
-4.91103315E+0	-2.07800245E+0
-4.93307686E+0	-2.08554387E+0
-4.94084454E+0	-2.08904958E+0
-4.93589640E+0	-2.08880830E+0
-4.91905117E+0	-2.08507991E+0
-4.89092398E+0	-2.07686925E+0
-4.85357285E+0	-2.06467175E+0
-4.80729723E+0	-2.05220032E+0
-4.74264097E+0	-2.03502440E+0
-4.67042351E+0	-2.01804233E+0
-4.60124636E+0	-1.99452388E+0
