# Mess-Beginn: 06.11.2018 16:55:56
# Kei2000	Kei2000
6.96546745E+0	2.30737805E+0
6.87330961E+0	2.28416753E+0
6.77401066E+0	2.25777555E+0
6.64451075E+0	2.23252773E+0
6.49986506E+0	2.20012712E+0
6.36804438E+0	2.16443276E+0
6.20706272E+0	2.13184023E+0
6.08487082E+0	2.09686494E+0
5.89819479E+0	2.05806780E+0
5.73415852E+0	2.00901580E+0
5.53419638E+0	1.96520579E+0
5.35243988E+0	1.91897213E+0
5.19860888E+0	1.86895049E+0
4.93607092E+0	1.81405354E+0
4.76022673E+0	1.75424612E+0
4.50971794E+0	1.69192231E+0
4.29232693E+0	1.62564826E+0
4.06300497E+0	1.55509043E+0
3.77994132E+0	1.48029876E+0
3.53534627E+0	1.40188658E+0
3.26073790E+0	1.32398391E+0
3.02316213E+0	1.24466431E+0
2.77903962E+0	1.16426039E+0
2.48129940E+0	1.08098185E+0
2.17623353E+0	9.92782533E-1
1.91132629E+0	8.86731863E-1
1.64478612E+0	8.00200164E-1
1.38108468E+0	6.97668135E-1
1.06335914E+0	5.95616460E-1
7.97956526E-1	5.07140636E-1
4.87315834E-1	4.15008873E-1
2.18789592E-1	3.00014734E-1
-5.04915379E-2	2.02397928E-1
-4.05860335E-1	1.05497442E-1
-6.76892817E-1	8.39965884E-3
-9.51153398E-1	-1.08025424E-1
-1.21260142E+0	-2.02456817E-1
-1.47362244E+0	-2.97607660E-1
-1.77884173E+0	-3.91033560E-1
-2.07072997E+0	-4.81375605E-1
-2.31192493E+0	-5.69083154E-1
-2.54024339E+0	-6.53940678E-1
-2.80643630E+0	-7.39106894E-1
-3.07642770E+0	-8.22925746E-1
-3.31849098E+0	-9.07703400E-1
-3.59639835E+0	-9.93018448E-1
-3.79030848E+0	-1.07701874E+0
-4.06857157E+0	-1.16025507E+0
-4.31116199E+0	-1.24098086E+0
-4.58352280E+0	-1.32015359E+0
-4.80923223E+0	-1.39606094E+0
-5.02878666E+0	-1.46931672E+0
-5.24126196E+0	-1.53934383E+0
-5.48406649E+0	-1.60347033E+0
-5.68092442E+0	-1.66395569E+0
-5.89890718E+0	-1.72334683E+0
-6.07144403E+0	-1.78528535E+0
-6.22389269E+0	-1.83428228E+0
-6.38357639E+0	-1.87064242E+0
-6.50246143E+0	-1.91044593E+0
-6.60738039E+0	-1.94026732E+0
-6.71424294E+0	-1.96781993E+0
-6.79913330E+0	-1.99195552E+0
-6.87453318E+0	-2.01503968E+0
-6.94448900E+0	-2.03111720E+0
-6.99759102E+0	-2.04579687E+0
-7.03997993E+0	-2.05886936E+0
-7.08260727E+0	-2.07146621E+0
-7.12059593E+0	-2.08014131E+0
-7.14644051E+0	-2.08723736E+0
-7.16942310E+0	-2.09314132E+0
-7.17721891E+0	-2.09617472E+0
-7.17032003E+0	-2.09388494E+0
-7.13853168E+0	-2.08724499E+0
-7.08847904E+0	-2.07434511E+0
-7.00397587E+0	-2.05916047E+0
-6.91596365E+0	-2.03762984E+0
-6.81502581E+0	-2.01187229E+0
-6.66790438E+0	-1.98873675E+0
-6.54653931E+0	-1.95584631E+0
-6.41980648E+0	-1.92766285E+0
-6.26286125E+0	-1.89623749E+0
-6.14355373E+0	-1.85977256E+0
-5.95830297E+0	-1.81959081E+0
-5.79136276E+0	-1.76958764E+0
-5.58897495E+0	-1.72642088E+0
-5.44456720E+0	-1.68081164E+0
-5.23009157E+0	-1.63236976E+0
-5.00817919E+0	-1.58093548E+0
-4.80723476E+0	-1.52668571E+0
-4.56746912E+0	-1.46823978E+0
-4.35604525E+0	-1.40374541E+0
-4.12811708E+0	-1.33398378E+0
-3.84771013E+0	-1.26158166E+0
-3.60616565E+0	-1.17322171E+0
-3.32555103E+0	-1.09889400E+0
-3.07859969E+0	-1.02056444E+0
-2.82219028E+0	-9.23787475E-1
-2.50134325E+0	-8.38897586E-1
-2.23170161E+0	-7.33929276E-1
-1.92621493E+0	-6.44848824E-1
-1.66415238E+0	-5.39526641E-1
-1.40529180E+0	-4.52922940E-1
-1.14311028E+0	-3.45882654E-1
-8.51006866E-1	-2.74450213E-1
-5.61495841E-1	-1.68766975E-1
-3.10698628E-1	-8.19038972E-2
-6.42191768E-2	8.08287784E-3
2.32117385E-1	1.03585534E-1
5.29938459E-1	1.98414162E-1
7.82676995E-1	2.92152047E-1
1.07631993E+0	3.83780479E-1
1.31506515E+0	4.70963538E-1
1.56188869E+0	5.58117986E-1
1.84296882E+0	6.43956780E-1
2.07741356E+0	7.28092313E-1
2.30559278E+0	8.12057257E-1
2.52887082E+0	8.94130707E-1
2.79871368E+0	9.75349903E-1
3.06463981E+0	1.05635965E+0
3.25894737E+0	1.14962506E+0
3.49428844E+0	1.22696936E+0
3.77529883E+0	1.30545855E+0
4.04836226E+0	1.39448178E+0
4.27520800E+0	1.47902215E+0
4.49858856E+0	1.54817843E+0
4.71268082E+0	1.62703037E+0
4.95673132E+0	1.69053257E+0
5.15727711E+0	1.75403261E+0
5.34623098E+0	1.82590497E+0
5.52566910E+0	1.88302267E+0
5.70203924E+0	1.93685126E+0
5.89902639E+0	1.98824036E+0
6.07818222E+0	2.03717661E+0
6.21571970E+0	2.08003163E+0
6.33949661E+0	2.11797094E+0
6.46891642E+0	2.15178919E+0
6.58467770E+0	2.18060279E+0
6.67397976E+0	2.20466590E+0
6.76668167E+0	2.22734690E+0
6.83758307E+0	2.24937749E+0
6.89941502E+0	2.27118993E+0
6.96529531E+0	2.28995490E+0
7.02336979E+0	2.30275774E+0
7.06655073E+0	2.31689572E+0
7.10900116E+0	2.32699203E+0
7.14029503E+0	2.33722258E+0
7.16910839E+0	2.34465790E+0
7.19842625E+0	2.35100865E+0
7.21869946E+0	2.35666251E+0
7.22935057E+0	2.35971570E+0
7.23071384E+0	2.36068392E+0
7.22015333E+0	2.35782623E+0
7.19329596E+0	2.35102344E+0
7.15781689E+0	2.34196997E+0
7.10100126E+0	2.33142257E+0
7.04175043E+0	2.31958032E+0
6.97329664E+0	2.30171824E+0
6.87879086E+0	2.28114223E+0
6.79024887E+0	2.26400113E+0
6.67977095E+0	2.24046016E+0
6.57961702E+0	2.21816659E+0
6.47413588E+0	2.18928409E+0
6.34180498E+0	2.16349530E+0
6.22472858E+0	2.13596153E+0
6.07782555E+0	2.10579991E+0
5.94496346E+0	2.06683540E+0
5.80641699E+0	2.03092647E+0
5.63512230E+0	1.99244440E+0
5.48633575E+0	1.95352483E+0
