-3.20331192E+0	-2.89879560E+0
-3.18721056E+0	-2.89607430E+0
-3.17102289E+0	-2.89156580E+0
-3.15592813E+0	-2.88779330E+0
-3.13467073E+0	-2.88267732E+0
-3.10659790E+0	-2.87669110E+0
-3.08038855E+0	-2.87161279E+0
-3.05258536E+0	-2.86820602E+0
-3.01777291E+0	-2.86572504E+0
-2.98540592E+0	-2.85601306E+0
-2.95728874E+0	-2.84323883E+0
-2.92378092E+0	-2.83634424E+0
-2.88879609E+0	-2.83042717E+0
-2.85081673E+0	-2.82310390E+0
-2.80400348E+0	-2.81333137E+0
-2.76228738E+0	-2.79768038E+0
-2.72382879E+0	-2.78599167E+0
-2.68075562E+0	-2.77855563E+0
-2.64022160E+0	-2.76882029E+0
-2.59582019E+0	-2.75425768E+0
-2.55200481E+0	-2.74152493E+0
-2.51124668E+0	-2.72850180E+0
-2.47197175E+0	-2.71649933E+0
-2.43091416E+0	-2.70617652E+0
-2.38255143E+0	-2.68733692E+0
-2.34007454E+0	-2.66916871E+0
-2.30005097E+0	-2.65401244E+0
-2.26579762E+0	-2.64345646E+0
-2.22475052E+0	-2.63519454E+0
-2.17335439E+0	-2.62138128E+0
-2.13100386E+0	-2.59605074E+0
-2.07764745E+0	-2.57721233E+0
-2.01803017E+0	-2.55909610E+0
-1.96768451E+0	-2.54117775E+0
-1.91704977E+0	-2.52431965E+0
-1.86436963E+0	-2.50491500E+0
-1.80222678E+0	-2.47752810E+0
-1.75591230E+0	-2.45534015E+0
-1.70605481E+0	-2.43550134E+0
-1.65356624E+0	-2.41517758E+0
-1.61426365E+0	-2.39652228E+0
-1.56112015E+0	-2.37116027E+0
-1.51850641E+0	-2.35074735E+0
-1.47549295E+0	-2.33208060E+0
-1.44466102E+0	-2.31366801E+0
-1.40933299E+0	-2.29705501E+0
-1.36726344E+0	-2.27649164E+0
-1.33392942E+0	-2.25494027E+0
-1.29362810E+0	-2.23267770E+0
-1.25467277E+0	-2.21046925E+0
-1.21011698E+0	-2.18632865E+0
-1.17338800E+0	-2.16778111E+0
-1.13010836E+0	-2.13888645E+0
-1.09485805E+0	-2.11134124E+0
-1.04515159E+0	-2.09834290E+0
-1.00414205E+0	-2.08933306E+0
-9.71264422E-1	-2.06571698E+0
-9.30030882E-1	-2.03868079E+0
-9.02029574E-1	-2.00932169E+0
-8.63091946E-1	-1.98295593E+0
-8.29476416E-1	-1.95520544E+0
-7.99958825E-1	-1.93361735E+0
-7.74539590E-1	-1.90975797E+0
-7.46618927E-1	-1.88813102E+0
-7.26716518E-1	-1.86866510E+0
-7.04940915E-1	-1.84981239E+0
-6.84698820E-1	-1.83015013E+0
-6.63300335E-1	-1.81187284E+0
-6.35348737E-1	-1.78268099E+0
-6.08967245E-1	-1.75786507E+0
-5.83725512E-1	-1.73126233E+0
-5.57513356E-1	-1.68982780E+0
-5.35885334E-1	-1.65790784E+0
-5.15708447E-1	-1.63606632E+0
-4.98564214E-1	-1.60732436E+0
-4.81967717E-1	-1.60204446E+0
-4.62101400E-1	-1.59208047E+0
-4.47536409E-1	-1.56494105E+0
-4.26772386E-1	-1.53797174E+0
-4.07634377E-1	-1.50212538E+0
-3.86315882E-1	-1.47935462E+0
-3.69048089E-1	-1.46010113E+0
-3.52214158E-1	-1.44442487E+0
-3.34477365E-1	-1.42481923E+0
-3.14766347E-1	-1.39996397E+0
-2.96513379E-1	-1.37040937E+0
-2.79855251E-1	-1.34172440E+0
-2.57600248E-1	-1.30966353E+0
-2.30321467E-1	-1.27958310E+0
-2.05273196E-1	-1.24073517E+0
-1.81667626E-1	-1.19564295E+0
-1.59297064E-1	-1.15113854E+0
-1.34578019E-1	-1.11254406E+0
-1.15282096E-1	-1.08006513E+0
-9.18457806E-2	-1.03999412E+0
-6.83219135E-2	-9.96579468E-1
-4.31352928E-2	-9.59658682E-1
-1.51219517E-2	-9.16152060E-1
7.27490475E-3	-8.70443285E-1
2.79296748E-2	-8.36481690E-1
4.73418795E-2	-8.01611423E-1
6.62656873E-2	-7.52481759E-1
8.62564594E-2	-7.11193383E-1
1.08103499E-1	-6.63685262E-1
1.33507609E-1	-6.15230024E-1
1.51104063E-1	-5.76104581E-1
1.76605552E-1	-5.26500702E-1
1.99091360E-1	-4.80466187E-1
2.24550515E-1	-4.34150696E-1
2.49482080E-1	-3.78115267E-1
2.78050035E-1	-3.13712865E-1
3.06061327E-1	-2.60313809E-1
3.32241982E-1	-1.90426573E-1
3.57539952E-1	-1.35187164E-1
3.85096639E-1	-8.10331032E-2
4.07266438E-1	-1.89301390E-2
4.43565845E-1	4.19933684E-2
4.75765824E-1	1.16357163E-1
5.10444343E-1	1.87340021E-1
5.36080003E-1	2.53882796E-1
5.70655167E-1	3.18193823E-1
6.04625463E-1	3.92289817E-1
6.40932679E-1	4.61388111E-1
6.76751554E-1	5.51745117E-1
7.08777785E-1	6.25497401E-1
7.50881255E-1	6.99298561E-1
7.90705264E-1	7.82176375E-1
8.32300901E-1	8.57052743E-1
8.73356998E-1	9.29782510E-1
9.12658274E-1	1.01030409E+0
9.50717032E-1	1.08425045E+0
9.92510617E-1	1.17275321E+0
1.03577602E+0	1.23666096E+0
1.07957625E+0	1.31399655E+0
1.12821162E+0	1.37815797E+0
1.16924584E+0	1.46237254E+0
1.21373332E+0	1.53726995E+0
1.26929009E+0	1.61931527E+0
1.31783450E+0	1.70152283E+0
1.36614537E+0	1.76028371E+0
1.41466880E+0	1.83104217E+0
1.46806324E+0	1.91404331E+0
1.51599634E+0	1.98170853E+0
1.57983446E+0	2.04807854E+0
1.63479030E+0	2.10458136E+0
1.69079196E+0	2.17171860E+0
1.75407279E+0	2.24080610E+0
1.82861865E+0	2.30618405E+0
1.88575864E+0	2.36675286E+0
1.95150089E+0	2.42704654E+0
2.03202701E+0	2.47864699E+0
2.09705734E+0	2.54739237E+0
2.18737102E+0	2.60455990E+0
2.26396513E+0	2.65766621E+0
2.34960437E+0	2.70742798E+0
2.42382979E+0	2.74836349E+0
2.49583173E+0	2.78693962E+0
2.56808996E+0	2.83495951E+0
2.63012886E+0	2.87400317E+0
2.69985414E+0	2.91148925E+0
2.77041078E+0	2.94661593E+0
2.84813333E+0	2.97705555E+0
2.91633749E+0	3.01082897E+0
2.97873878E+0	3.03370404E+0
3.04484844E+0	3.05475473E+0
3.10019708E+0	3.07696414E+0
3.15022063E+0	3.09087396E+0
3.19233727E+0	3.10702872E+0
3.22084141E+0	3.12265253E+0
3.24668550E+0	3.13043022E+0
3.26603961E+0	3.13755703E+0
3.27440023E+0	3.14750886E+0
3.27584291E+0	3.15002108E+0
3.27145314E+0	3.14711666E+0
3.26246667E+0	3.14975905E+0
3.24703574E+0	3.13927960E+0
3.22658181E+0	3.13469028E+0
3.20688272E+0	3.13124490E+0
3.17853522E+0	3.12459373E+0
3.14077377E+0	3.12259364E+0
3.10500360E+0	3.11835456E+0
3.06375003E+0	3.10071135E+0
3.00680971E+0	3.08720136E+0
2.95287466E+0	3.07724619E+0
2.89639807E+0	3.06539249E+0
2.83498263E+0	3.04708838E+0
2.77021050E+0	3.02955270E+0
2.70469618E+0	3.01288009E+0
2.63215256E+0	2.98388505E+0
2.54535937E+0	2.96307802E+0
2.46844864E+0	2.93995810E+0
2.38799500E+0	2.91418266E+0
2.29461622E+0	2.89090204E+0
2.21221852E+0	2.86108661E+0
2.12483549E+0	2.82534075E+0
2.03808069E+0	2.79143786E+0
1.95251548E+0	2.75817180E+0
1.86043179E+0	2.72146797E+0
1.76371944E+0	2.68899202E+0
1.65626764E+0	2.63917208E+0
1.57387388E+0	2.59349799E+0
1.48034453E+0	2.54794478E+0
1.38633597E+0	2.49535012E+0
1.28043890E+0	2.44696021E+0
1.19400644E+0	2.39927316E+0
1.10794854E+0	2.33141923E+0
1.02004588E+0	2.26737571E+0
9.32539463E-1	2.19947290E+0
8.38468671E-1	2.12631965E+0
7.61340082E-1	2.06405878E+0
6.86907172E-1	2.00143290E+0
6.13463342E-1	1.90949285E+0
5.43825030E-1	1.83346236E+0
4.65438604E-1	1.75388491E+0
4.07312989E-1	1.66825354E+0
3.42862427E-1	1.59368587E+0
2.77336508E-1	1.47141206E+0
2.05469847E-1	1.37167323E+0
1.44043714E-1	1.26845014E+0
8.31298828E-2	1.15420353E+0
2.43018232E-2	1.05380869E+0
-4.34630290E-2	9.08856094E-1
-1.03522316E-1	7.87357211E-1
-1.55516967E-1	6.58212245E-1
-2.19771639E-1	5.18574774E-1
-2.85112798E-1	4.01532620E-1
-3.52112025E-1	2.77426094E-1
-4.28097248E-1	1.00255430E-1
-4.85388845E-1	-4.11921293E-2
-5.62520921E-1	-1.84254661E-1
-6.28024101E-1	-3.29708248E-1
-6.94206893E-1	-4.51127052E-1
-7.61056185E-1	-5.93524694E-1
-8.17817986E-1	-7.25879431E-1
-8.97158325E-1	-8.48041594E-1
-9.79052842E-1	-9.81651962E-1
-1.04016280E+0	-1.11167514E+0
-1.11541831E+0	-1.24223220E+0
-1.20656848E+0	-1.37061942E+0
-1.27842915E+0	-1.48862028E+0
-1.36431026E+0	-1.60725689E+0
-1.45350122E+0	-1.72568536E+0
-1.54775119E+0	-1.81810999E+0
-1.65792954E+0	-1.94132590E+0
-1.75647330E+0	-2.04132962E+0
-1.85698009E+0	-2.13767648E+0
-1.94745159E+0	-2.23156667E+0
-2.05578947E+0	-2.30457997E+0
-2.17707920E+0	-2.36895037E+0
-2.26617885E+0	-2.45571423E+0
-2.37150192E+0	-2.51856494E+0
-2.48464417E+0	-2.57251072E+0
-2.57863259E+0	-2.62205386E+0
-2.66683555E+0	-2.66043782E+0
-2.75199842E+0	-2.70877552E+0
-2.83685780E+0	-2.74450231E+0
-2.91635871E+0	-2.77829671E+0
-2.99745870E+0	-2.80368972E+0
-3.05218935E+0	-2.82249022E+0
-3.10992575E+0	-2.85489774E+0
-3.16322184E+0	-2.85957384E+0
-3.19562817E+0	-2.85538173E+0
-3.21489978E+0	-2.86024618E+0
-3.22611666E+0	-2.86169767E+0
-3.22694182E+0	-2.87702823E+0
-3.22105813E+0	-2.88738632E+0
-3.20744395E+0	-2.88261008E+0
-3.18693161E+0	-2.87726450E+0
-3.16050267E+0	-2.87151766E+0
-3.12334204E+0	-2.86803675E+0
