# Mess-Beginn: 06.11.2018 16:55:04
# Kei2000	Kei2000
-9.26917648E+0	-1.89772570E+0
-9.03489208E+0	-1.85664129E+0
-8.74304962E+0	-1.80958569E+0
-8.47275352E+0	-1.75859964E+0
-8.19730663E+0	-1.69227648E+0
-7.86026907E+0	-1.63459945E+0
-7.55382442E+0	-1.57270896E+0
-7.18978596E+0	-1.50823772E+0
-6.86172438E+0	-1.44028521E+0
-6.52351332E+0	-1.36608052E+0
-6.08205843E+0	-1.28705311E+0
-5.70534229E+0	-1.20562851E+0
-5.32660389E+0	-1.11915743E+0
-4.94646835E+0	-1.02941048E+0
-4.55659389E+0	-9.40568805E-1
-4.09214306E+0	-8.53153706E-1
-3.62620926E+0	-7.62186944E-1
-3.22895932E+0	-6.67387486E-1
-2.90076852E+0	-5.70802391E-1
-2.40562534E+0	-4.55653608E-1
-1.92284214E+0	-3.51116180E-1
-1.52473342E+0	-2.65147507E-1
-1.08104360E+0	-1.79365531E-1
-7.75918186E-1	-5.69091477E-2
-3.34127456E-1	1.82000548E-2
1.24585018E-1	1.13224164E-1
5.15745044E-1	2.26050407E-1
9.67966020E-1	3.18739772E-1
1.29580283E+0	4.15044397E-1
1.76376581E+0	5.26386738E-1
2.22042942E+0	6.16785884E-1
2.60093093E+0	7.08644629E-1
2.96842241E+0	7.98981309E-1
3.32153249E+0	8.87745798E-1
3.73239088E+0	9.73356247E-1
4.13918018E+0	1.06205308E+0
4.47742748E+0	1.13078678E+0
4.80975866E+0	1.20682526E+0
5.12515974E+0	1.29872048E+0
5.49110746E+0	1.37299562E+0
5.86154127E+0	1.46044958E+0
6.16462469E+0	1.53195572E+0
6.45888233E+0	1.60147738E+0
6.73501301E+0	1.66678357E+0
7.04394197E+0	1.73848903E+0
7.35484552E+0	1.79702306E+0
7.60924196E+0	1.85394728E+0
7.89665174E+0	1.92021489E+0
8.14118862E+0	1.97658098E+0
8.38218594E+0	2.03006649E+0
8.66519833E+0	2.08329248E+0
8.88238525E+0	2.13116860E+0
9.07056236E+0	2.16940498E+0
9.26348877E+0	2.20364237E+0
9.40473461E+0	2.23720169E+0
9.54887962E+0	2.26812506E+0
9.65588665E+0	2.29096985E+0
9.74642181E+0	2.30946112E+0
9.84063053E+0	2.33091068E+0
9.91281891E+0	2.34699512E+0
9.98878288E+0	2.35833764E+0
1.00478840E+1	2.37016606E+0
1.01009340E+1	2.37847733E+0
1.01464128E+1	2.38687968E+0
1.01908827E+1	2.39097810E+0
1.02206917E+1	2.39057827E+0
1.02416134E+1	2.38950038E+0
1.02588701E+1	2.39086008E+0
1.02696371E+1	2.39516091E+0
1.02746506E+1	2.39779830E+0
1.02590246E+1	2.39555430E+0
1.02081308E+1	2.38656139E+0
1.01365337E+1	2.37343431E+0
1.00438213E+1	2.35826588E+0
9.90664291E+0	2.33842826E+0
9.77379417E+0	2.31060386E+0
9.60944843E+0	2.28701758E+0
9.48830700E+0	2.25789165E+0
9.29978371E+0	2.22721624E+0
9.12925053E+0	2.20081758E+0
8.92082119E+0	2.16442394E+0
8.72855091E+0	2.13038039E+0
8.53270626E+0	2.09353852E+0
8.28215408E+0	2.04584360E+0
8.01725960E+0	2.00355363E+0
7.77983522E+0	1.96025980E+0
7.53903103E+0	1.91351259E+0
7.30671024E+0	1.86352420E+0
7.01478863E+0	1.81199586E+0
6.70678139E+0	1.75522387E+0
6.44525099E+0	1.69765556E+0
6.17451429E+0	1.63921928E+0
5.85540628E+0	1.58013952E+0
5.57989359E+0	1.52084947E+0
5.24590969E+0	1.45893645E+0
4.96636868E+0	1.40023768E+0
4.68960571E+0	1.32999277E+0
4.37026215E+0	1.25770593E+0
4.09017372E+0	1.19542062E+0
3.73505878E+0	1.11755943E+0
3.42287517E+0	1.04728627E+0
3.11150861E+0	9.70668495E-1
2.74113059E+0	8.77949834E-1
2.40791798E+0	7.99508095E-1
2.00736594E+0	7.17886567E-1
1.66259551E+0	6.33244514E-1
1.26154995E+0	5.46907187E-1
9.15874958E-1	4.55670387E-1
5.57141304E-1	3.64031881E-1
1.25191882E-1	2.60146737E-1
-2.38097474E-1	1.73312396E-1
-6.43621624E-1	9.15439129E-2
-9.87707794E-1	7.55166030E-3
-1.34246874E+0	-8.12878609E-2
-1.77042484E+0	-1.69746906E-1
-2.17866397E+0	-2.56214052E-1
-2.51718330E+0	-3.38878453E-1
-2.84733582E+0	-4.19897377E-1
-3.17814779E+0	-5.12482405E-1
-3.56907868E+0	-5.85675776E-1
-3.88707399E+0	-6.73072159E-1
-4.23104572E+0	-7.54753292E-1
-4.51970959E+0	-8.20703447E-1
-4.81699991E+0	-8.91508996E-1
-5.17727566E+0	-9.75934863E-1
-5.53840208E+0	-1.04747331E+0
-5.84877157E+0	-1.12010753E+0
-6.15132809E+0	-1.20350969E+0
-6.45863628E+0	-1.27293205E+0
-6.81742716E+0	-1.34111845E+0
-7.11096382E+0	-1.41006684E+0
-7.39624166E+0	-1.47727084E+0
-7.67147207E+0	-1.54091179E+0
-7.99774313E+0	-1.60040653E+0
-8.30177212E+0	-1.65534604E+0
-8.54310417E+0	-1.70804131E+0
-8.76329803E+0	-1.75676596E+0
-8.95708466E+0	-1.80059230E+0
-9.16703701E+0	-1.83878970E+0
-9.32505512E+0	-1.87150502E+0
-9.48786736E+0	-1.89959776E+0
-9.60985756E+0	-1.92498684E+0
-9.71132183E+0	-1.95354748E+0
-9.82028961E+0	-1.97456312E+0
-9.91635895E+0	-1.99008143E+0
-9.98515701E+0	-2.00636625E+0
-1.00366755E+1	-2.01577663E+0
-1.00827999E+1	-2.02553511E+0
-1.01375103E+1	-2.03671074E+0
-1.01763678E+1	-2.04146719E+0
-1.01978178E+1	-2.04486132E+0
-1.02072773E+1	-2.04748654E+0
-1.01988678E+1	-2.04663444E+0
-1.01585226E+1	-2.04221344E+0
-1.00941849E+1	-2.03206038E+0
-9.98456955E+0	-2.01473570E+0
-9.86437988E+0	-1.99306452E+0
-9.70468616E+0	-1.96874630E+0
-9.55182934E+0	-1.94090140E+0
-9.34966373E+0	-1.90436697E+0
-9.17089081E+0	-1.87100744E+0
-8.95114803E+0	-1.84253669E+0
-8.78985596E+0	-1.80362487E+0
-8.54135036E+0	-1.76582706E+0
-8.30445004E+0	-1.72361410E+0
-8.01789665E+0	-1.67188287E+0
-7.75352907E+0	-1.62316704E+0
-7.52863026E+0	-1.56993127E+0
-7.13770151E+0	-1.51358080E+0
-6.83585167E+0	-1.44115579E+0
-6.53305960E+0	-1.37655282E+0
-6.21753836E+0	-1.30675673E+0
-5.88700199E+0	-1.23503208E+0
