-7.00040197E+0	-5.29639769E+0
-7.24871922E+0	-5.30758715E+0
-7.49450111E+0	-5.31489229E+0
-7.73642302E+0	-5.32261658E+0
-7.93081856E+0	-5.32637167E+0
-8.09026241E+0	-5.33521318E+0
-8.25870132E+0	-5.33835459E+0
-8.45607948E+0	-5.34255743E+0
-8.66551208E+0	-5.35095263E+0
-8.86528397E+0	-5.35698366E+0
-9.07042408E+0	-5.36324024E+0
-9.23539734E+0	-5.36434937E+0
-9.39789391E+0	-5.37002850E+0
-9.53898621E+0	-5.37384272E+0
-9.66067123E+0	-5.37596273E+0
-9.76405430E+0	-5.37565184E+0
-9.85257530E+0	-5.37862015E+0
-9.92613125E+0	-5.37902212E+0
-9.98757553E+0	-5.38213921E+0
-1.00253363E+1	-5.38181925E+0
-1.00456009E+1	-5.38453150E+0
-1.00382214E+1	-5.38364887E+0
-9.96744156E+0	-5.38403034E+0
-9.81743050E+0	-5.37982368E+0
-9.58710384E+0	-5.37494087E+0
-9.31143951E+0	-5.36759472E+0
-8.99579525E+0	-5.36500025E+0
-8.65677166E+0	-5.35501432E+0
-8.31342125E+0	-5.34393549E+0
-7.92951488E+0	-5.33390379E+0
-7.49344921E+0	-5.32550192E+0
-7.05457067E+0	-5.31153679E+0
-6.76398039E+0	-5.30058384E+0
-6.35810137E+0	-5.28226471E+0
-6.00856209E+0	-5.26677322E+0
-5.66667080E+0	-5.25386953E+0
-5.37928534E+0	-5.23724222E+0
-4.98635340E+0	-5.21536636E+0
-4.57469797E+0	-5.18666697E+0
-4.05586624E+0	-5.14233017E+0
-3.50116062E+0	-5.08695984E+0
-2.91810465E+0	-5.01062584E+0
-2.39078879E+0	-4.91361904E+0
-1.87697458E+0	-4.77465248E+0
-1.38337994E+0	-4.58017159E+0
-9.60396588E-1	-4.34842491E+0
-6.05296850E-1	-3.94489408E+0
-2.80009896E-1	-3.34317517E+0
-7.02134818E-2	-2.55417776E+0
4.48588692E-2	-1.58477700E+0
1.11156940E-1	-3.48012090E-1
1.75124273E-1	8.78512979E-1
2.52758503E-1	2.04951501E+0
3.68604988E-1	2.97749901E+0
6.29095376E-1	3.81333280E+0
1.20829988E+0	4.55552197E+0
2.39123702E+0	5.07380581E+0
3.57206726E+0	5.29028225E+0
4.78028250E+0	5.38036537E+0
5.66089439E+0	5.43615532E+0
6.38185406E+0	5.47384787E+0
6.93706036E+0	5.49676180E+0
7.34016895E+0	5.51027966E+0
7.69185495E+0	5.52176809E+0
8.03206253E+0	5.53217793E+0
8.34559631E+0	5.54073095E+0
8.64105606E+0	5.54943752E+0
8.88216686E+0	5.55539179E+0
9.09964657E+0	5.56220627E+0
9.27196884E+0	5.56622267E+0
9.41165733E+0	5.56996441E+0
9.52949142E+0	5.57276487E+0
9.64010525E+0	5.57508945E+0
9.73442268E+0	5.57838583E+0
9.80545044E+0	5.58061504E+0
9.87018776E+0	5.58285713E+0
9.92932510E+0	5.58376217E+0
9.97406673E+0	5.58439636E+0
1.00123358E+1	5.58829498E+0
1.00413675E+1	5.58932590E+0
1.00666809E+1	5.59090137E+0
1.00893860E+1	5.59239435E+0
1.01068888E+1	5.58934164E+0
1.01134548E+1	5.58996725E+0
1.01017065E+1	5.58764553E+0
1.00461473E+1	5.58801556E+0
9.92998028E+0	5.58615685E+0
9.80505085E+0	5.58059311E+0
9.66451645E+0	5.57775211E+0
9.49418449E+0	5.57427740E+0
9.30634594E+0	5.57120752E+0
9.08912086E+0	5.56691599E+0
8.87123966E+0	5.56279516E+0
8.64150143E+0	5.55529690E+0
8.43554974E+0	5.54743862E+0
8.19551754E+0	5.54015255E+0
7.96828175E+0	5.53570700E+0
7.71180153E+0	5.52636480E+0
7.41181040E+0	5.51726580E+0
7.14171314E+0	5.50704336E+0
6.88203907E+0	5.49959469E+0
6.58799648E+0	5.48688078E+0
6.31325674E+0	5.47714186E+0
6.01126146E+0	5.46264935E+0
5.72882843E+0	5.45075846E+0
5.47774935E+0	5.43804312E+0
5.21795988E+0	5.42435646E+0
4.95201969E+0	5.40697384E+0
4.66204834E+0	5.38712502E+0
4.40671396E+0	5.36588144E+0
4.12026548E+0	5.34339380E+0
3.83781934E+0	5.31800556E+0
3.52894068E+0	5.28850508E+0
3.23194861E+0	5.24535227E+0
3.01316881E+0	5.21309566E+0
2.76547289E+0	5.17793560E+0
2.51004887E+0	5.12445164E+0
2.28385305E+0	5.07636833E+0
2.08498406E+0	5.02442312E+0
1.93564868E+0	4.98204803E+0
1.75649011E+0	4.92386484E+0
1.55913532E+0	4.83532190E+0
1.36725652E+0	4.74348068E+0
1.22393620E+0	4.67639542E+0
1.09097886E+0	4.58675241E+0
9.69019353E-1	4.49186707E+0
8.50119710E-1	4.38323545E+0
7.57749319E-1	4.30308342E+0
6.81862175E-1	4.21346664E+0
5.88488519E-1	4.08817339E+0
5.00294089E-1	3.94487643E+0
4.20362234E-1	3.80376005E+0
3.67698550E-1	3.68915272E+0
3.15208912E-1	3.54985547E+0
2.59209543E-1	3.36836219E+0
2.10720360E-1	3.17606711E+0
1.53879628E-1	2.94578099E+0
1.04214728E-1	2.65514016E+0
7.77997971E-2	2.48728919E+0
5.43990731E-2	2.29860020E+0
3.24853025E-2	2.09593010E+0
1.61698889E-2	1.92130423E+0
-1.21537445E-3	1.67335069E+0
-2.57566553E-2	1.31638932E+0
-4.89113331E-2	8.51589799E-1
-6.55298010E-2	4.84914362E-1
-8.23876038E-2	1.12563878E-1
-9.85250473E-2	-2.27787048E-1
-1.21740885E-1	-6.91311359E-1
-1.56920671E-1	-1.33278465E+0
-1.99826226E-1	-1.82137108E+0
-2.53380418E-1	-2.30964422E+0
-3.20609480E-1	-2.73709702E+0
-4.69160438E-1	-3.32779694E+0
-7.56106675E-1	-3.92719769E+0
-1.18209279E+0	-4.37785292E+0
-1.79095149E+0	-4.69698668E+0
-2.58362269E+0	-4.92270756E+0
-3.34535646E+0	-5.05514860E+0
-3.95143247E+0	-5.11068821E+0
-4.49914980E+0	-5.16473961E+0
-4.98314524E+0	-5.19787598E+0
-5.40493631E+0	-5.22218990E+0
-5.84952736E+0	-5.24877214E+0
-6.27848673E+0	-5.26980352E+0
-6.57799339E+0	-5.28166866E+0
-6.97446394E+0	-5.29687977E+0
-7.28506279E+0	-5.31078815E+0
-7.54361773E+0	-5.31683254E+0
-7.84473991E+0	-5.32863522E+0
-8.12749958E+0	-5.33750010E+0
-8.38563824E+0	-5.34295988E+0
-8.65386009E+0	-5.35108137E+0
-8.86375809E+0	-5.35524464E+0
-9.05832291E+0	-5.36191797E+0
-9.23125267E+0	-5.36689663E+0
-9.38621044E+0	-5.37249851E+0
-9.51842880E+0	-5.37350321E+0
-9.61844254E+0	-5.37525034E+0
-9.71796322E+0	-5.37610674E+0
-9.79031467E+0	-5.37860346E+0
-9.84398174E+0	-5.38013458E+0
-9.88652802E+0	-5.38553619E+0
-9.91113472E+0	-5.38445997E+0
-9.93378448E+0	-5.38947868E+0
-9.95358658E+0	-5.38392973E+0
-9.96715736E+0	-5.38332796E+0
-9.98192883E+0	-5.38523245E+0
-9.99666691E+0	-5.38455915E+0
-1.00066757E+1	-5.38488674E+0
-1.00172663E+1	-5.38448572E+0
-1.00262690E+1	-5.38169622E+0
-1.00327597E+1	-5.38264465E+0
-1.00357733E+1	-5.38276625E+0
-1.00398483E+1	-5.38350773E+0
-1.00436726E+1	-5.38357306E+0
-1.00386171E+1	-5.38442135E+0
-1.00191116E+1	-5.38387394E+0
-9.98291206E+0	-5.38327932E+0
-9.94680309E+0	-5.38228655E+0
-9.91297531E+0	-5.38249016E+0
-9.87689304E+0	-5.38100290E+0
-9.86826897E+0	-5.38382292E+0
-9.87602425E+0	-5.38238239E+0
-9.88118935E+0	-5.37978268E+0
-9.87811565E+0	-5.37999058E+0
-9.87648678E+0	-5.38051081E+0
-9.85587692E+0	-5.38242245E+0
-9.81881809E+0	-5.38256645E+0
-9.78283882E+0	-5.38230801E+0
-9.73888493E+0	-5.37953281E+0
-9.69236565E+0	-5.37733507E+0
-9.62926579E+0	-5.37714434E+0
-9.54474258E+0	-5.37442446E+0
-9.46102047E+0	-5.37443542E+0
-9.38143826E+0	-5.37740612E+0
-9.29971981E+0	-5.37356138E+0
-9.20588303E+0	-5.37139320E+0
-9.09527874E+0	-5.36906767E+0
-8.98098660E+0	-5.36668110E+0
-8.88333321E+0	-5.35941744E+0
-8.77506351E+0	-5.35457706E+0
-8.63605022E+0	-5.35061836E+0
-8.50417519E+0	-5.35018063E+0
-8.37852383E+0	-5.34738207E+0
-8.23023129E+0	-5.34378958E+0
-8.03576565E+0	-5.33789682E+0
-7.83073950E+0	-5.32936716E+0
-7.65256977E+0	-5.32617807E+0
-7.44702530E+0	-5.31984282E+0
-7.21975756E+0	-5.31382895E+0
-7.01009560E+0	-5.30770016E+0
-6.79434776E+0	-5.30068254E+0
-6.53615618E+0	-5.29284906E+0
-6.30148745E+0	-5.28026056E+0
-6.02331781E+0	-5.26932621E+0
-5.77616453E+0	-5.25642395E+0
-5.53837252E+0	-5.24618959E+0
-5.29839277E+0	-5.23083639E+0
-5.03134060E+0	-5.21611118E+0
-4.79182148E+0	-5.20031023E+0
-4.52237654E+0	-5.17912436E+0
-4.18802786E+0	-5.15591860E+0
-3.89589071E+0	-5.12790060E+0
-3.61512232E+0	-5.09816456E+0
-3.31472969E+0	-5.06345272E+0
-2.99407625E+0	-5.02050066E+0
-2.69828749E+0	-4.96877956E+0
-2.37597990E+0	-4.90510702E+0
-2.10167384E+0	-4.84106445E+0
-1.88053668E+0	-4.78065729E+0
-1.65051842E+0	-4.70224333E+0
-1.41189528E+0	-4.59318829E+0
-1.21367145E+0	-4.50210238E+0
-1.03140056E+0	-4.37522840E+0
-8.45290601E-1	-4.23499250E+0
-6.95016682E-1	-4.08639431E+0
-5.82977831E-1	-3.95081925E+0
-4.67146814E-1	-3.79403329E+0
-3.43817919E-1	-3.53681922E+0
-2.59848833E-1	-3.33168769E+0
-2.02832505E-1	-3.14707184E+0
-1.47510052E-1	-2.95795846E+0
-8.62373039E-2	-2.65809178E+0
-3.88499461E-2	-2.39319563E+0
-1.66828241E-2	-2.23547673E+0
3.92014720E-3	-2.05026937E+0
1.97384842E-2	-1.91450512E+0
3.05874627E-2	-1.78388715E+0
4.07574475E-2	-1.68103814E+0
5.06734475E-2	-1.55504000E+0
5.95773906E-2	-1.44064951E+0
6.95375577E-2	-1.29157495E+0
8.10055658E-2	-1.10234737E+0
9.24762040E-2	-8.89988542E-1
1.05004907E-1	-5.95403194E-1
1.17353715E-1	-3.36386889E-1
1.26576304E-1	-1.21537790E-1
1.38324276E-1	1.23561725E-1
1.54489025E-1	5.07307112E-1
1.81565732E-1	1.02509844E+0
2.16358259E-1	1.55324757E+0
2.50552177E-1	1.99637437E+0
2.79719591E-1	2.25669479E+0
3.25033814E-1	2.65178180E+0
3.89152199E-1	2.99869943E+0
4.63874519E-1	3.33097148E+0
5.83961248E-1	3.69491792E+0
7.39478350E-1	4.03597307E+0
9.46793735E-1	4.33483982E+0
1.27692401E+0	4.59692717E+0
1.81902158E+0	4.90402794E+0
2.59712410E+0	5.10553169E+0
3.22949719E+0	5.21349096E+0
4.00855827E+0	5.30637836E+0
4.68811083E+0	5.37275028E+0
5.31739187E+0	5.41569710E+0
5.94137859E+0	5.44995689E+0
6.44882345E+0	5.47438145E+0
6.94618273E+0	5.49296236E+0
7.39578390E+0	5.50728416E+0
7.81945229E+0	5.51893139E+0
8.18505096E+0	5.53058004E+0
8.55672550E+0	5.54318953E+0
8.88454819E+0	5.55315638E+0
9.13936424E+0	5.56078100E+0
9.38248253E+0	5.56538343E+0
9.60520458E+0	5.57020903E+0
9.77529526E+0	5.57503891E+0
9.91015053E+0	5.57925653E+0
