9.90346829E+0	5.70317826E+0
9.90327101E+0	5.70372949E+0
9.90355424E+0	5.70328600E+0
9.90366348E+0	5.70351670E+0
9.90452070E+0	5.70348826E+0
9.90526542E+0	5.70432284E+0
9.90545915E+0	5.70325710E+0
9.90537852E+0	5.70260425E+0
9.90481171E+0	5.70332493E+0
9.90457979E+0	5.70529566E+0
9.90255566E+0	5.70518297E+0
9.89949309E+0	5.70493672E+0
9.89163693E+0	5.70480918E+0
9.87547901E+0	5.70294183E+0
9.86274753E+0	5.70095289E+0
9.85340122E+0	5.69884019E+0
9.84280839E+0	5.69820983E+0
9.83833572E+0	5.69486661E+0
9.83152852E+0	5.69329404E+0
9.82270062E+0	5.69053988E+0
9.81449299E+0	5.69021277E+0
9.80734168E+0	5.69073024E+0
9.79875710E+0	5.69068767E+0
9.79230037E+0	5.69140484E+0
9.78412416E+0	5.69252510E+0
9.77510789E+0	5.69317543E+0
9.77066182E+0	5.69362654E+0
9.76774567E+0	5.69518754E+0
9.76490058E+0	5.70197737E+0
9.76184832E+0	5.70321750E+0
9.75861930E+0	5.70049698E+0
9.75761928E+0	5.69533456E+0
9.75750137E+0	5.69268812E+0
9.75689368E+0	5.69354265E+0
9.75676061E+0	5.69241987E+0
9.75766537E+0	5.69096718E+0
9.75995455E+0	5.69033555E+0
9.76126495E+0	5.68916105E+0
9.76196276E+0	5.68734205E+0
9.76185638E+0	5.68735544E+0
9.76206755E+0	5.68794426E+0
9.76192966E+0	5.68965684E+0
9.76283483E+0	5.69133308E+0
9.76303860E+0	5.69176467E+0
9.76388225E+0	5.69025465E+0
9.76425928E+0	5.68983273E+0
9.76530538E+0	5.69089136E+0
9.76522652E+0	5.69247938E+0
9.76490229E+0	5.69264044E+0
9.76085477E+0	5.69230086E+0
9.75833482E+0	5.69004924E+0
9.75136734E+0	5.69061569E+0
9.74702234E+0	5.68928590E+0
9.74256252E+0	5.68836372E+0
9.73910339E+0	5.68791632E+0
9.73710785E+0	5.68784931E+0
9.73380940E+0	5.68928761E+0
9.72521171E+0	5.68838615E+0
9.71948621E+0	5.68772866E+0
9.71883571E+0	5.68526597E+0
9.72030038E+0	5.68581130E+0
9.71684269E+0	5.68707358E+0
9.71156845E+0	5.68777335E+0
9.70478319E+0	5.68815350E+0
9.70264571E+0	5.68783503E+0
9.70187798E+0	5.68846929E+0
9.70259050E+0	5.68836120E+0
9.70423484E+0	5.68906412E+0
9.70625050E+0	5.69038218E+0
9.70785970E+0	5.69319711E+0
9.70766455E+0	5.69396989E+0
9.70645808E+0	5.69433831E+0
9.70042470E+0	5.69346357E+0
9.69627861E+0	5.69327721E+0
9.69431794E+0	5.69375692E+0
9.69460539E+0	5.69137593E+0
9.69241221E+0	5.68737277E+0
9.68783479E+0	5.68672563E+0
9.68023552E+0	5.69007450E+0
9.67610319E+0	5.68939048E+0
9.67524052E+0	5.68826747E+0
9.67361434E+0	5.69674413E+0
9.67145853E+0	5.70719879E+0
9.66982004E+0	5.71157667E+0
9.66835173E+0	5.71451822E+0
9.66808562E+0	5.71273452E+0
9.66851241E+0	5.70200613E+0
9.66964992E+0	5.69358601E+0
9.67057252E+0	5.69024520E+0
9.66995131E+0	5.68912825E+0
9.66834674E+0	5.68368178E+0
9.66551963E+0	5.68274679E+0
9.66137432E+0	5.68607942E+0
9.65522020E+0	5.68724397E+0
9.65011587E+0	5.68882088E+0
9.64571493E+0	5.68799592E+0
9.64195946E+0	5.68639452E+0
9.64006067E+0	5.68804175E+0
9.63779943E+0	5.68954091E+0
9.63367396E+0	5.68994137E+0
9.63323295E+0	5.68774085E+0
9.63438153E+0	5.68556778E+0
9.63676727E+0	5.68399287E+0
9.63455374E+0	5.68413855E+0
9.63119491E+0	5.68457163E+0
9.62831800E+0	5.68521767E+0
9.62705595E+0	5.68544042E+0
9.62598193E+0	5.68421339E+0
9.62155643E+0	5.68368819E+0
9.61621459E+0	5.68287948E+0
9.61006131E+0	5.68333092E+0
9.60233011E+0	5.68278255E+0
9.59140716E+0	5.68204525E+0
9.58678816E+0	5.68224894E+0
9.57837513E+0	5.68172323E+0
9.57627843E+0	5.68096572E+0
9.57578353E+0	5.67967942E+0
9.57253062E+0	5.67895813E+0
9.56347508E+0	5.67925338E+0
9.55684014E+0	5.67935808E+0
9.54092895E+0	5.67956372E+0
9.52864116E+0	5.67906828E+0
9.51559830E+0	5.67928566E+0
9.50418208E+0	5.67925069E+0
9.49937836E+0	5.67883311E+0
9.49707771E+0	5.67894731E+0
9.49137691E+0	5.67876742E+0
9.48518089E+0	5.67854616E+0
9.47971705E+0	5.67975282E+0
9.47478434E+0	5.68043188E+0
9.47151083E+0	5.68017383E+0
9.46904713E+0	5.68066967E+0
9.46706744E+0	5.68170582E+0
9.46523617E+0	5.68285389E+0
9.46119542E+0	5.68256597E+0
9.45216366E+0	5.68135817E+0
9.44584718E+0	5.68090936E+0
9.43910372E+0	5.68051593E+0
9.43176098E+0	5.67925251E+0
9.42481199E+0	5.67898090E+0
9.41816706E+0	5.67897930E+0
9.40436356E+0	5.67873624E+0
9.39480862E+0	5.67893925E+0
9.38746679E+0	5.67926590E+0
9.38091785E+0	5.67927151E+0
9.37632926E+0	5.67884432E+0
9.37166416E+0	5.67819342E+0
9.36718649E+0	5.68106831E+0
9.36288531E+0	5.68341228E+0
9.35657514E+0	5.68408905E+0
9.34955718E+0	5.68069674E+0
9.34379272E+0	5.69296256E+0
9.34218925E+0	5.70759163E+0
9.33350152E+0	5.71475881E+0
9.32572695E+0	5.71386902E+0
9.31449624E+0	5.71223975E+0
9.29859096E+0	5.71182618E+0
9.28303156E+0	5.71257516E+0
9.27354300E+0	5.71292276E+0
9.26651613E+0	5.71383578E+0
9.26198784E+0	5.71351055E+0
9.25793516E+0	5.71113906E+0
9.25072252E+0	5.70787498E+0
9.24404405E+0	5.70495420E+0
9.23670897E+0	5.70208726E+0
9.22703584E+0	5.70144144E+0
9.21613414E+0	5.70103343E+0
9.20749458E+0	5.69813985E+0
9.19793923E+0	5.69572657E+0
9.18852155E+0	5.69547531E+0
9.18272277E+0	5.69881372E+0
9.17750324E+0	5.69859864E+0
9.16992391E+0	5.69795735E+0
9.16557696E+0	5.69828114E+0
9.16279421E+0	5.69884857E+0
9.15919646E+0	5.69978739E+0
9.15488901E+0	5.69926070E+0
9.14703222E+0	5.69928079E+0
9.12993054E+0	5.69984924E+0
9.11520221E+0	5.69848461E+0
9.10162609E+0	5.69756707E+0
9.08447279E+0	5.69626205E+0
9.07215040E+0	5.69678141E+0
9.05902550E+0	5.69584906E+0
9.04433904E+0	5.69515037E+0
9.03439998E+0	5.69443281E+0
9.02562299E+0	5.69464760E+0
9.00484464E+0	5.69466769E+0
8.99379135E+0	5.69364658E+0
8.97267042E+0	5.69250567E+0
8.95782513E+0	5.69351979E+0
8.95169535E+0	5.69530257E+0
8.94307464E+0	5.69700164E+0
8.92276424E+0	5.69433508E+0
8.91373213E+0	5.70038417E+0
8.89614481E+0	5.70342390E+0
8.85579299E+0	5.70451899E+0
8.84102016E+0	5.70453507E+0
8.82126251E+0	5.70851957E+0
8.81369507E+0	5.71203313E+0
8.80760821E+0	5.71534876E+0
8.79542525E+0	5.71592185E+0
8.77143220E+0	5.71727762E+0
8.75109416E+0	5.70764054E+0
8.71637262E+0	5.69721918E+0
8.67181786E+0	5.68465692E+0
8.64957735E+0	5.67086769E+0
8.60816957E+0	5.66475732E+0
8.57477260E+0	5.66302729E+0
8.53639379E+0	5.66499826E+0
8.48344266E+0	5.65972058E+0
8.44574532E+0	5.66109518E+0
8.43250374E+0	5.66575307E+0
8.41140420E+0	5.67045988E+0
8.39924092E+0	5.66863351E+0
8.39587233E+0	5.66747406E+0
8.39378862E+0	5.66395261E+0
8.39375379E+0	5.65884475E+0
8.39441451E+0	5.66170065E+0
8.39508457E+0	5.66580731E+0
8.39524739E+0	5.67032034E+0
8.39527273E+0	5.67039169E+0
8.39529961E+0	5.67084268E+0
8.39569121E+0	5.66460025E+0
8.39581621E+0	5.65662803E+0
8.39645204E+0	5.65731447E+0
8.39922280E+0	5.66050246E+0
8.40041806E+0	5.65958028E+0
8.40158198E+0	5.65940291E+0
8.40167601E+0	5.66341259E+0
8.40144241E+0	5.66290359E+0
8.40156954E+0	5.66149163E+0
8.40178830E+0	5.66493246E+0
8.40204378E+0	5.66810128E+0
8.40182267E+0	5.67417455E+0
8.40049075E+0	5.67294763E+0
8.41442020E+0	5.67485711E+0
8.54366167E+0	5.67990437E+0
8.78531594E+0	5.68645079E+0
8.91263028E+0	5.68335258E+0
9.08773996E+0	5.67958974E+0
9.16174206E+0	5.68279099E+0
9.18346006E+0	5.68994878E+0
9.19101125E+0	5.69104896E+0
9.19380752E+0	5.68194801E+0
9.19424608E+0	5.67391073E+0
9.19389706E+0	5.67538723E+0
9.19554058E+0	5.67677195E+0
9.20381087E+0	5.67823620E+0
9.21485423E+0	5.67772571E+0
9.23225861E+0	5.67706473E+0
9.24299141E+0	5.67608505E+0
9.24806568E+0	5.67876197E+0
9.26356320E+0	5.68125476E+0
9.28335063E+0	5.68700283E+0
9.29978237E+0	5.69591502E+0
9.31531834E+0	5.69346638E+0
9.33576649E+0	5.69228409E+0
9.35243165E+0	5.69658068E+0
9.37392681E+0	5.72107123E+0
9.41500328E+0	5.73089919E+0
9.44904766E+0	5.74168027E+0
9.47963133E+0	5.74059182E+0
9.51541799E+0	5.72729861E+0
9.54635381E+0	5.71972925E+0
9.59151421E+0	5.72625050E+0
9.63169609E+0	5.72921528E+0
9.65866335E+0	5.73156548E+0
9.68876165E+0	5.72470528E+0
9.73458698E+0	5.71748507E+0
9.76371723E+0	5.71444665E+0
9.78514851E+0	5.71853684E+0
9.80444732E+0	5.72110150E+0
9.82319351E+0	5.72396786E+0
9.83487425E+0	5.72453460E+0
9.84296020E+0	5.73416922E+0
9.84690864E+0	5.73636706E+0
9.84763882E+0	5.72848770E+0
9.84753494E+0	5.72321630E+0
9.84656825E+0	5.71731940E+0
9.84562812E+0	5.71239060E+0
9.84476885E+0	5.71348757E+0
9.84442429E+0	5.71403995E+0
9.84398609E+0	5.72066160E+0
9.84281945E+0	5.71849329E+0
9.84879312E+0	5.71292112E+0
9.85424325E+0	5.71037894E+0
9.86642300E+0	5.72218513E+0
9.87140600E+0	5.71772412E+0
9.87164597E+0	5.71692599E+0
9.87121981E+0	5.71917950E+0
9.87141559E+0	5.71830774E+0
9.87202009E+0	5.71838979E+0
9.87282469E+0	5.70696942E+0
9.87328949E+0	5.69240609E+0
9.87393045E+0	5.67552740E+0
9.87427620E+0	5.68122420E+0
9.87503935E+0	5.68821217E+0
9.87546905E+0	5.68969885E+0
9.87585185E+0	5.69045354E+0
9.87611383E+0	5.69176843E+0
9.87595028E+0	5.69296311E+0
9.87622761E+0	5.69367499E+0
9.87663048E+0	5.69470525E+0
9.87755807E+0	5.69386118E+0
9.87903819E+0	5.69341156E+0
9.88101402E+0	5.69397876E+0
9.88374111E+0	5.69427537E+0
9.88491252E+0	5.69533842E+0
9.88708600E+0	5.69561352E+0
9.88839962E+0	5.69658948E+0
9.88885415E+0	5.69687671E+0
9.88432722E+0	5.69678361E+0
9.85974198E+0	5.69653128E+0
9.84490597E+0	5.69540765E+0
9.81472435E+0	5.69423515E+0
9.78016209E+0	5.69140272E+0
9.74738361E+0	5.68883016E+0
9.70773187E+0	5.68600288E+0
9.64517677E+0	5.68265915E+0
9.59584605E+0	5.68224701E+0
9.55041142E+0	5.68345356E+0
9.50942417E+0	5.68351609E+0
9.48886405E+0	5.68340738E+0
9.48376095E+0	5.68279864E+0
9.47725105E+0	5.68357400E+0
9.47176633E+0	5.68362744E+0
9.46362018E+0	5.68333786E+0
9.43946840E+0	5.68249940E+0
9.38020076E+0	5.67950029E+0
9.32531335E+0	5.67702649E+0
9.25165177E+0	5.67275092E+0
9.18347506E+0	5.67196247E+0
9.15018215E+0	5.67118728E+0
9.09056113E+0	5.67043825E+0
9.03595691E+0	5.66985406E+0
9.00987243E+0	5.66891077E+0
8.97449449E+0	5.66790546E+0
8.91379333E+0	5.66724043E+0
8.88957558E+0	5.66576301E+0
8.84995440E+0	5.66529921E+0
8.84419254E+0	5.66625434E+0
8.86123101E+0	5.66859699E+0
8.89077860E+0	5.67065928E+0
8.94038265E+0	5.67121336E+0
8.97799313E+0	5.67228005E+0
9.01634401E+0	5.67256256E+0
9.06545112E+0	5.67452580E+0
9.09944379E+0	5.67541359E+0
9.12980039E+0	5.67590697E+0
9.17152022E+0	5.67797693E+0
9.22002069E+0	5.67805297E+0
9.25500902E+0	5.67893194E+0
9.28534823E+0	5.68025195E+0
9.32073039E+0	5.68228752E+0
9.35023517E+0	5.68470736E+0
9.38050514E+0	5.68558347E+0
9.41425335E+0	5.68545937E+0
9.43308395E+0	5.68516063E+0
9.44718607E+0	5.68479364E+0
9.46592554E+0	5.68525167E+0
9.47265306E+0	5.68558318E+0
9.48560313E+0	5.68591665E+0
9.50052272E+0	5.68318074E+0
9.50871809E+0	5.67145798E+0
9.52933178E+0	5.66045066E+0
9.55293893E+0	5.65824749E+0
9.57074272E+0	5.65909556E+0
9.58601535E+0	5.65945868E+0
9.60526511E+0	5.66000871E+0
9.62474802E+0	5.66078898E+0
9.63417787E+0	5.66033582E+0
9.64940101E+0	5.66068634E+0
9.66466255E+0	5.66132214E+0
9.68105847E+0	5.66236321E+0
9.70083873E+0	5.66354263E+0
9.72861944E+0	5.66361404E+0
9.74798884E+0	5.66409798E+0
9.76657444E+0	5.66397863E+0
9.79388086E+0	5.66404935E+0
9.80811288E+0	5.66439111E+0
9.82157685E+0	5.66433732E+0
9.84040898E+0	5.66498674E+0
9.85463796E+0	5.66531763E+0
9.86910717E+0	5.66552407E+0
9.88802621E+0	5.66556847E+0
9.90155583E+0	5.66558214E+0
9.91353679E+0	5.66621154E+0
9.92702341E+0	5.66645012E+0
9.93780351E+0	5.66687071E+0
9.94597069E+0	5.66778558E+0
9.95521230E+0	5.66778633E+0
9.97086227E+0	5.66804180E+0
9.98406998E+0	5.66743192E+0
1.00033338E+1	5.66781562E+0
1.00231669E+1	5.66796296E+0
1.00365038E+1	5.66896524E+0
1.00493527E+1	5.66895642E+0
1.00647041E+1	5.66875519E+0
1.00736340E+1	5.66875479E+0
1.00808917E+1	5.66882734E+0
1.00889890E+1	5.66964681E+0
1.01002230E+1	5.67067398E+0
1.01097363E+1	5.67150226E+0
1.01218235E+1	5.67202105E+0
1.01403499E+1	5.67217925E+0
1.01543517E+1	5.67281442E+0
1.01705511E+1	5.67337790E+0
1.01833511E+1	5.67453821E+0
1.01919764E+1	5.67493171E+0
1.02003225E+1	5.67519777E+0
1.02098209E+1	5.67496224E+0
1.02157264E+1	5.67501494E+0
1.02220084E+1	5.67544653E+0
1.02257851E+1	5.67599525E+0
1.02288106E+1	5.67598747E+0
1.02291475E+1	5.67535344E+0
1.02316700E+1	5.67514660E+0
1.02392888E+1	5.67448677E+0
1.02476793E+1	5.67457689E+0
1.02557109E+1	5.67500911E+0
1.02637413E+1	5.67509276E+0
1.02689969E+1	5.67520965E+0
1.02706133E+1	5.67529708E+0
1.02727542E+1	5.67545826E+0
1.02736941E+1	5.67551182E+0
1.02740198E+1	5.67505534E+0
1.02735079E+1	5.67476199E+0
1.02722122E+1	5.67494989E+0
1.02707624E+1	5.67501574E+0
1.02674554E+1	5.67466174E+0
1.02606849E+1	5.67407818E+0
1.02534865E+1	5.67352775E+0
1.02455124E+1	5.67320590E+0
1.02377470E+1	5.67337206E+0
1.02342210E+1	5.67381384E+0
1.02335282E+1	5.67437354E+0
1.02331604E+1	5.67451074E+0
1.02327084E+1	5.67425224E+0
1.02324818E+1	5.67429349E+0
1.02316767E+1	5.67427472E+0
1.02311504E+1	5.67410547E+0
1.02306291E+1	5.67398709E+0
1.02305221E+1	5.67442675E+0
1.02263510E+1	5.67408848E+0
1.02165859E+1	5.67355659E+0
1.02062723E+1	5.67270782E+0
1.01943725E+1	5.67264563E+0
1.01767662E+1	5.67220894E+0
1.01636318E+1	5.67209462E+0
1.01517586E+1	5.67194763E+0
1.01478584E+1	5.67235697E+0
1.01480017E+1	5.67259024E+0
1.01490904E+1	5.67259266E+0
1.01502647E+1	5.67187870E+0
1.01505598E+1	5.67192359E+0
1.01524209E+1	5.67208747E+0
1.01635871E+1	5.67192583E+0
1.01769370E+1	5.68225575E+0
1.01948058E+1	5.69087961E+0
1.02044565E+1	5.69997929E+0
1.02132375E+1	5.70083870E+0
1.02191845E+1	5.70146975E+0
1.02243209E+1	5.70196480E+0
1.02295303E+1	5.68827839E+0
1.02316611E+1	5.67985044E+0
1.02333440E+1	5.67432650E+0
1.02342680E+1	5.67389554E+0
1.02342383E+1	5.67376789E+0
1.02339563E+1	5.67399275E+0
1.02325869E+1	5.67431042E+0
1.02316004E+1	5.67460120E+0
1.02316967E+1	5.67474104E+0
1.02320411E+1	5.67454478E+0
1.02325358E+1	5.67460092E+0
1.02334142E+1	5.67442693E+0
1.02353181E+1	5.67337498E+0
1.02391047E+1	5.67276050E+0
1.02426658E+1	5.67201566E+0
1.02451578E+1	5.67235364E+0
1.02476200E+1	5.67288891E+0
1.02513906E+1	5.67270896E+0
1.02537966E+1	5.67257084E+0
1.02558232E+1	5.67230426E+0
1.02601297E+1	5.67307630E+0
1.02648016E+1	5.67448430E+0
1.02674107E+1	5.67442977E+0
1.02687256E+1	5.67374277E+0
1.02695157E+1	5.67266445E+0
1.02707089E+1	5.67297857E+0
1.02727752E+1	5.67294384E+0
1.02746148E+1	5.67274478E+0
1.02754072E+1	5.67271463E+0
1.02760742E+1	5.67263641E+0
1.02763540E+1	5.67261335E+0
1.02762344E+1	5.67266576E+0
1.02758047E+1	5.67282986E+0
1.02754648E+1	5.67281024E+0
1.02751433E+1	5.67256781E+0
1.02746119E+1	5.67293280E+0
1.02741064E+1	5.67287993E+0
1.02731658E+1	5.67329172E+0
1.02723086E+1	5.67441753E+0
1.02708430E+1	5.67419999E+0
1.02677820E+1	5.67320567E+0
1.02639913E+1	5.67299516E+0
1.02609509E+1	5.67264471E+0
1.02578204E+1	5.67188812E+0
1.02533149E+1	5.67191839E+0
1.02506252E+1	5.67145859E+0
1.02484061E+1	5.67154676E+0
1.02448816E+1	5.67106024E+0
1.02434958E+1	5.67104657E+0
1.02396850E+1	5.67131932E+0
1.02354343E+1	5.67186844E+0
1.02331757E+1	5.67234065E+0
1.02330848E+1	5.67260317E+0
1.02375663E+1	5.67283535E+0
1.02432975E+1	5.67270618E+0
1.02516977E+1	5.67300580E+0
1.02570938E+1	5.67317417E+0
1.02616102E+1	5.67290847E+0
1.02631817E+1	5.67256728E+0
1.02636233E+1	5.67254623E+0
1.02627554E+1	5.67221832E+0
1.02612956E+1	5.67264436E+0
1.02596435E+1	5.67257936E+0
1.02576270E+1	5.67256454E+0
1.02569986E+1	5.67259944E+0
1.02573100E+1	5.67209352E+0
1.02576855E+1	5.67187678E+0
1.02580966E+1	5.67170605E+0
1.02580288E+1	5.67155688E+0
1.02575040E+1	5.67168802E+0
1.02565841E+1	5.67184148E+0
1.02554171E+1	5.67239432E+0
1.02546361E+1	5.67291871E+0
1.02539960E+1	5.67329766E+0
1.02542456E+1	5.67326185E+0
1.02542435E+1	5.67320886E+0
1.02539857E+1	5.67302506E+0
1.02527585E+1	5.67308061E+0
1.02519876E+1	5.67302553E+0
1.02518307E+1	5.67289943E+0
1.02526686E+1	5.67269676E+0
1.02530307E+1	5.67298285E+0
1.02535082E+1	5.67310770E+0
1.02533829E+1	5.67227187E+0
1.02529944E+1	5.67221871E+0
1.02524197E+1	5.67296197E+0
1.02528994E+1	5.67321269E+0
1.02548744E+1	5.67288186E+0
1.02573183E+1	5.67240066E+0
1.02601762E+1	5.67297982E+0
1.02784549E+1	5.67503580E+0
1.02795743E+1	5.67508141E+0
1.02808144E+1	5.67498751E+0
1.02817446E+1	5.67539021E+0
1.02822782E+1	5.67514892E+0
1.02827042E+1	5.67460335E+0
1.02829580E+1	5.67459317E+0
1.02836223E+1	5.67530295E+0
1.02820627E+1	5.67564454E+0
1.02781641E+1	5.67568900E+0
1.02731237E+1	5.67541567E+0
1.02645082E+1	5.67518005E+0
1.02577981E+1	5.67448160E+0
1.02532590E+1	5.67452841E+0
1.02484113E+1	5.67460774E+0
1.02340855E+1	5.67410893E+0
1.02264057E+1	5.67367173E+0
1.02153268E+1	5.67378754E+0
1.02104331E+1	5.67359094E+0
1.02067305E+1	5.67381627E+0
1.02020850E+1	5.67391428E+0
1.01954339E+1	5.67390501E+0
1.01942967E+1	5.67301162E+0
1.01958862E+1	5.67245575E+0
1.01975863E+1	5.67280998E+0
1.01977662E+1	5.67453469E+0
1.01964488E+1	5.67584399E+0
1.01910502E+1	5.67590939E+0
1.01840790E+1	5.67435113E+0
1.01782210E+1	5.67304000E+0
1.01729119E+1	5.67305791E+0
1.01661739E+1	5.67329484E+0
1.01625124E+1	5.67291498E+0
1.01589068E+1	5.67285742E+0
1.01558236E+1	5.67295447E+0
1.01539388E+1	5.67337107E+0
1.01526037E+1	5.67363584E+0
1.01484544E+1	5.67635723E+0
1.01404952E+1	5.67898797E+0
1.01351205E+1	5.68559217E+0
1.01302920E+1	5.68711753E+0
1.01242377E+1	5.68783795E+0
1.01143842E+1	5.69651851E+0
1.01103794E+1	5.70827073E+0
1.01054779E+1	5.71103907E+0
1.01019889E+1	5.71162469E+0
1.00982233E+1	5.71053293E+0
1.00927778E+1	5.70814622E+0
1.00882357E+1	5.70794556E+0
1.00836266E+1	5.70903229E+0
1.00784780E+1	5.70963696E+0
1.00748535E+1	5.71289578E+0
1.00744050E+1	5.71517188E+0
1.00742153E+1	5.71591972E+0
1.00737365E+1	5.70189357E+0
1.00729878E+1	5.68984262E+0
1.00721510E+1	5.68095886E+0
1.00710522E+1	5.67922877E+0
1.00681285E+1	5.68632346E+0
1.00632253E+1	5.69797686E+0
1.00537189E+1	5.70467604E+0
1.00479218E+1	5.70241584E+0
1.00424391E+1	5.70441290E+0
1.00366269E+1	5.70725042E+0
1.00315695E+1	5.70900602E+0
1.00286602E+1	5.70958008E+0
1.00268094E+1	5.70812281E+0
1.00215553E+1	5.70704861E+0
1.00114822E+1	5.70479517E+0
9.99737548E+0	5.70274987E+0
9.98713455E+0	5.70255591E+0
9.97894279E+0	5.70417504E+0
9.97860441E+0	5.70280343E+0
9.98102297E+0	5.70239787E+0
9.98412881E+0	5.70038983E+0
9.98076163E+0	5.69896151E+0
9.97198837E+0	5.69845119E+0
9.96259607E+0	5.69955228E+0
9.95419961E+0	5.70096979E+0
9.94517744E+0	5.70050970E+0
9.94055594E+0	5.70001660E+0
9.93435720E+0	5.70077404E+0
9.92948988E+0	5.70084419E+0
9.92467632E+0	5.69826415E+0
9.91781727E+0	5.69621863E+0
9.90854416E+0	5.69377344E+0
9.90022407E+0	5.69310188E+0
9.89468687E+0	5.69288566E+0
9.88427843E+0	5.69313473E+0
9.87624784E+0	5.69291215E+0
9.87431419E+0	5.69273363E+0
9.87315508E+0	5.69236384E+0
9.87011058E+0	5.69280269E+0
9.85915235E+0	5.69253892E+0
9.84960848E+0	5.69226193E+0
9.84083300E+0	5.69257554E+0
9.82957106E+0	5.69305651E+0
9.82332047E+0	5.69237328E+0
9.81451161E+0	5.69284190E+0
9.80433124E+0	5.69253630E+0
9.79750793E+0	5.69566796E+0
9.79406333E+0	5.69841691E+0
9.78739090E+0	5.69854073E+0
9.77896674E+0	5.69452854E+0
9.77373692E+0	5.69358897E+0
9.76585838E+0	5.69300507E+0
9.75761362E+0	5.69239267E+0
9.74365307E+0	5.69289458E+0
9.73351611E+0	5.69345251E+0
9.71984942E+0	5.69542319E+0
9.71108655E+0	5.69748707E+0
9.70670546E+0	5.69634050E+0
9.70295253E+0	5.69535905E+0
9.69283332E+0	5.69921510E+0
9.68349405E+0	5.70298137E+0
9.67746231E+0	5.70606813E+0
9.67276979E+0	5.70788673E+0
9.66450532E+0	5.70800660E+0
9.65133725E+0	5.70661564E+0
9.64332287E+0	5.70434211E+0
9.63572892E+0	5.70259086E+0
9.62818319E+0	5.70147116E+0
9.61926981E+0	5.69970510E+0
9.60697313E+0	5.69839082E+0
9.59543306E+0	5.69797193E+0
9.57941641E+0	5.69971557E+0
9.56385143E+0	5.70273544E+0
9.54636879E+0	5.70222878E+0
9.53023227E+0	5.69993912E+0
9.51827648E+0	5.69462712E+0
9.50279864E+0	5.68719287E+0
9.48677886E+0	5.68583584E+0
9.47313450E+0	5.68525543E+0
9.46014601E+0	5.68575814E+0
9.44592852E+0	5.68617697E+0
9.43006139E+0	5.68495647E+0
9.42152863E+0	5.68195719E+0
9.41517057E+0	5.68109785E+0
9.40349714E+0	5.68006507E+0
9.38984525E+0	5.68265828E+0
9.38197947E+0	5.68445067E+0
9.37564130E+0	5.68600778E+0
9.36323277E+0	5.68468563E+0
9.35370871E+0	5.68312127E+0
9.34023676E+0	5.68263018E+0
9.32965588E+0	5.68180001E+0
9.31759830E+0	5.68070229E+0
9.30871748E+0	5.67914902E+0
9.29784207E+0	5.67858588E+0
9.27920172E+0	5.67774559E+0
9.27247966E+0	5.67768517E+0
9.25938678E+0	5.67818771E+0
9.24980670E+0	5.67863200E+0
9.23954873E+0	5.67851024E+0
9.23166515E+0	5.67778370E+0
9.21850167E+0	5.67684218E+0
9.19899194E+0	5.67635475E+0
9.18690670E+0	5.67633718E+0
9.17286893E+0	5.67652549E+0
9.15327329E+0	5.67631870E+0
9.13186709E+0	5.67643257E+0
9.12045927E+0	5.67588997E+0
9.10894849E+0	5.67515256E+0
9.08464944E+0	5.67446864E+0
9.06000849E+0	5.67349863E+0
9.03056068E+0	5.67294694E+0
9.00558115E+0	5.67242975E+0
8.98215947E+0	5.67250860E+0
8.96887520E+0	5.67237969E+0
8.96072496E+0	5.67255792E+0
8.95105761E+0	5.67111158E+0
8.93824674E+0	5.67007675E+0
8.92128383E+0	5.66992015E+0
8.89874686E+0	5.67083917E+0
8.88542297E+0	5.67165538E+0
8.88026906E+0	5.67239274E+0
8.87470666E+0	5.67087831E+0
8.85384367E+0	5.66881396E+0
8.84083497E+0	5.66924778E+0
8.83133938E+0	5.66929814E+0
8.82192352E+0	5.66967131E+0
8.81190915E+0	5.66862783E+0
8.79621369E+0	5.66817823E+0
8.78518396E+0	5.66786753E+0
8.77222543E+0	5.66781488E+0
8.76437291E+0	5.66730685E+0
8.75431759E+0	5.66713005E+0
8.74208034E+0	5.66690216E+0
8.72409495E+0	5.66708279E+0
8.70994921E+0	5.66650656E+0
8.69634905E+0	5.66575512E+0
8.68041963E+0	5.66498698E+0
8.66578694E+0	5.66447723E+0
8.64084888E+0	5.66352593E+0
8.61254155E+0	5.66232374E+0
8.59650198E+0	5.66190817E+0
8.58252219E+0	5.66197895E+0
8.57481905E+0	5.66145243E+0
8.55504852E+0	5.65988159E+0
8.54615666E+0	5.65965009E+0
8.52327662E+0	5.65906516E+0
8.50344488E+0	5.65951471E+0
8.49239540E+0	5.66025917E+0
8.48285236E+0	5.66020169E+0
8.46283470E+0	5.65883159E+0
8.43751902E+0	5.66109829E+0
8.42064452E+0	5.66498714E+0
8.40316674E+0	5.66432531E+0
8.37949671E+0	5.66060224E+0
8.35367387E+0	5.65645381E+0
8.31611827E+0	5.65511424E+0
8.29171974E+0	5.65458160E+0
8.26711885E+0	5.65300406E+0
8.25042080E+0	5.65105799E+0
8.22265389E+0	5.64950688E+0
8.18400700E+0	5.64922286E+0
8.15179373E+0	5.64874583E+0
8.11188282E+0	5.64832958E+0
8.08617172E+0	5.64692684E+0
8.05518422E+0	5.64393163E+0
8.02679371E+0	5.64242664E+0
8.00394931E+0	5.64215818E+0
7.97659228E+0	5.64194687E+0
7.95902179E+0	5.64217883E+0
7.95043083E+0	5.64141728E+0
7.94325401E+0	5.64149458E+0
7.93189782E+0	5.64188885E+0
7.92709293E+0	5.64166056E+0
7.91263927E+0	5.64030582E+0
7.89575737E+0	5.63972409E+0
7.86027199E+0	5.63890526E+0
7.83755631E+0	5.63805981E+0
7.81605218E+0	5.63756877E+0
7.79503614E+0	5.63713627E+0
7.77607988E+0	5.63586393E+0
7.75785549E+0	5.63477108E+0
7.73320178E+0	5.63406318E+0
7.71130500E+0	5.63364304E+0
7.69886671E+0	5.63356894E+0
7.68108575E+0	5.63260185E+0
7.65697209E+0	5.63173078E+0
7.61350130E+0	5.63101270E+0
7.58270500E+0	5.62986103E+0
7.55333595E+0	5.63030263E+0
7.52633766E+0	5.62992254E+0
7.50419343E+0	5.62879326E+0
7.48627642E+0	5.62722996E+0
7.47001927E+0	5.62538583E+0
7.44365781E+0	5.62392725E+0
7.42950794E+0	5.62426695E+0
7.41576203E+0	5.62556950E+0
7.39932980E+0	5.62571146E+0
7.38046131E+0	5.62460768E+0
7.36769135E+0	5.62316214E+0
7.35170608E+0	5.62260667E+0
7.33300199E+0	5.62177834E+0
7.31475885E+0	5.62141684E+0
7.30055031E+0	5.62090446E+0
7.28756709E+0	5.62052751E+0
7.26422534E+0	5.62047619E+0
7.25225870E+0	5.62024017E+0
7.24250226E+0	5.62051252E+0
7.22908824E+0	5.62028045E+0
7.21221179E+0	5.61898407E+0
7.19793197E+0	5.61874840E+0
7.17406590E+0	5.61870657E+0
7.15133269E+0	5.61909231E+0
7.12833388E+0	5.61927791E+0
7.11068888E+0	5.61861359E+0
7.09258916E+0	5.61796778E+0
7.05755120E+0	5.61712308E+0
7.03513718E+0	5.61679975E+0
7.01377653E+0	5.62237563E+0
6.99248416E+0	5.62555257E+0
6.97515976E+0	5.62416642E+0
6.96145739E+0	5.62396953E+0
6.94509350E+0	5.62206282E+0
6.91882276E+0	5.62049352E+0
6.88671138E+0	5.61886009E+0
6.86172139E+0	5.61782954E+0
6.83436536E+0	5.61905073E+0
6.81253973E+0	5.62092517E+0
6.79415224E+0	5.62117332E+0
6.75951973E+0	5.61930587E+0
6.71444116E+0	5.61576274E+0
6.68507863E+0	5.61379103E+0
6.65524255E+0	5.61346032E+0
6.63811874E+0	5.61579825E+0
6.61421335E+0	5.61817166E+0
6.60269971E+0	5.62043156E+0
6.58718946E+0	5.61861840E+0
6.56371508E+0	5.61805710E+0
6.53648683E+0	5.61651767E+0
6.51152499E+0	5.61313899E+0
6.47398002E+0	5.60955530E+0
6.40283030E+0	5.60736691E+0
6.36847345E+0	5.60397632E+0
6.33951808E+0	5.59759991E+0
6.30163817E+0	5.58955093E+0
6.26624810E+0	5.58550051E+0
6.24686951E+0	5.58074501E+0
6.22384240E+0	5.57921874E+0
6.18306470E+0	5.57652798E+0
6.14582584E+0	5.57767107E+0
6.10466592E+0	5.57984578E+0
6.08379254E+0	5.58216669E+0
6.04858260E+0	5.58083318E+0
6.02593707E+0	5.57971693E+0
6.00639634E+0	5.57763176E+0
5.97903216E+0	5.57734933E+0
5.94574955E+0	5.57569061E+0
5.92318135E+0	5.57462482E+0
5.89996905E+0	5.57350331E+0
5.87555841E+0	5.57217919E+0
5.86586159E+0	5.57142489E+0
5.85851573E+0	5.57185631E+0
5.83473811E+0	5.57731409E+0
5.79732872E+0	5.58424059E+0
5.75404360E+0	5.58941418E+0
5.72146693E+0	5.59127534E+0
5.68012018E+0	5.59358904E+0
5.64619538E+0	5.59550611E+0
5.61670244E+0	5.59851287E+0
5.59634594E+0	5.59560818E+0
5.57761988E+0	5.58678064E+0
5.54826169E+0	5.57300535E+0
5.52903706E+0	5.56428509E+0
5.50743413E+0	5.55748103E+0
5.47389609E+0	5.55205404E+0
5.44219430E+0	5.54602003E+0
5.41124217E+0	5.54004636E+0
5.38861625E+0	5.53855013E+0
5.35864201E+0	5.53820871E+0
5.32779055E+0	5.53720043E+0
5.30620088E+0	5.53653671E+0
5.28185181E+0	5.53539053E+0
5.25901232E+0	5.53134624E+0
5.23721857E+0	5.52699086E+0
5.22478909E+0	5.52209758E+0
5.21617820E+0	5.51866351E+0
5.19324077E+0	5.51967248E+0
5.16972904E+0	5.52392144E+0
5.13982301E+0	5.52400990E+0
5.09565311E+0	5.51843796E+0
5.05900837E+0	5.52246137E+0
5.03567798E+0	5.52326584E+0
5.00589168E+0	5.51971242E+0
4.97640215E+0	5.51572283E+0
4.95997942E+0	5.51651586E+0
4.94613326E+0	5.51576628E+0
4.92831755E+0	5.50969176E+0
4.90430028E+0	5.50506395E+0
4.87918848E+0	5.50475577E+0
4.86116098E+0	5.50185022E+0
4.83926792E+0	5.50165071E+0
4.82159194E+0	5.49934302E+0
4.81262892E+0	5.49959729E+0
4.80230468E+0	5.49733858E+0
4.78632232E+0	5.49774648E+0
4.76224263E+0	5.50025335E+0
4.73970213E+0	5.50037156E+0
4.70743326E+0	5.50004771E+0
4.68157180E+0	5.50007374E+0
4.66229922E+0	5.49650310E+0
4.64843295E+0	5.49183148E+0
4.62948900E+0	5.48952699E+0
4.59458681E+0	5.48702334E+0
4.56750971E+0	5.48456631E+0
4.54855669E+0	5.48339198E+0
4.53129404E+0	5.48294803E+0
4.50054715E+0	5.48090854E+0
4.47935359E+0	5.47513067E+0
4.45367224E+0	5.47181770E+0
4.41953605E+0	5.47351350E+0
4.38424530E+0	5.46731836E+0
4.34607804E+0	5.45889466E+0
4.27816544E+0	5.45214119E+0
4.21769748E+0	5.45364772E+0
4.17985375E+0	5.46086465E+0
4.15759312E+0	5.45781840E+0
4.13111376E+0	5.44180987E+0
4.11398161E+0	5.43479714E+0
4.09657626E+0	5.43228044E+0
4.08263925E+0	5.42960588E+0
4.06017340E+0	5.42772887E+0
4.03416688E+0	5.42413453E+0
4.00219427E+0	5.42151747E+0
3.97919511E+0	5.41639447E+0
3.95713657E+0	5.41196064E+0
3.92087119E+0	5.40770413E+0
3.90704292E+0	5.40748044E+0
3.87862510E+0	5.40196539E+0
3.84787199E+0	5.39726612E+0
3.80991832E+0	5.39418938E+0
3.77888880E+0	5.39134711E+0
3.74938756E+0	5.38854146E+0
3.71145999E+0	5.38543565E+0
3.69350040E+0	5.38543015E+0
3.67669379E+0	5.39517677E+0
3.65835536E+0	5.40007165E+0
3.64084120E+0	5.39164492E+0
3.62616393E+0	5.37974774E+0
3.60218972E+0	5.37929240E+0
3.57809420E+0	5.38073983E+0
3.56061884E+0	5.37254299E+0
3.54460716E+0	5.35678810E+0
3.52698941E+0	5.33662805E+0
3.50707266E+0	5.32730484E+0
3.48689206E+0	5.32707718E+0
3.47371819E+0	5.33003760E+0
3.46468333E+0	5.32841966E+0
3.45394055E+0	5.32709128E+0
3.44399552E+0	5.32645284E+0
3.42616579E+0	5.32489656E+0
3.40386230E+0	5.32479111E+0
3.37987815E+0	5.32190662E+0
3.36262132E+0	5.32207026E+0
3.34352274E+0	5.32363955E+0
3.31164998E+0	5.32264243E+0
3.29083441E+0	5.31853366E+0
3.27046975E+0	5.31435811E+0
3.24292291E+0	5.31108277E+0
3.21755104E+0	5.30911238E+0
3.19426022E+0	5.30607803E+0
3.17618840E+0	5.32434213E+0
3.15267871E+0	5.33798158E+0
3.12891836E+0	5.33912289E+0
3.11045820E+0	5.33332936E+0
3.08923064E+0	5.33350965E+0
3.07326481E+0	5.34390551E+0
3.05322170E+0	5.34138606E+0
3.02767771E+0	5.33102200E+0
3.00818888E+0	5.32991909E+0
2.98608327E+0	5.32749139E+0
2.97013070E+0	5.30354259E+0
2.96011398E+0	5.27195609E+0
2.94468560E+0	5.24962785E+0
2.92362758E+0	5.24067530E+0
2.89970327E+0	5.23539077E+0
2.87994098E+0	5.22791202E+0
2.85046581E+0	5.22359354E+0
2.82532255E+0	5.22543485E+0
2.81043702E+0	5.22878212E+0
2.79818203E+0	5.22778448E+0
2.78720135E+0	5.22772240E+0
2.76951627E+0	5.22221077E+0
2.75363965E+0	5.21525533E+0
2.73229477E+0	5.20925621E+0
2.71120407E+0	5.20767547E+0
2.69828615E+0	5.20760876E+0
2.69200900E+0	5.20433004E+0
2.68376012E+0	5.20074875E+0
2.67160479E+0	5.19843645E+0
2.65914554E+0	5.19802443E+0
2.64884622E+0	5.19551186E+0
2.63725940E+0	5.19432403E+0
2.62137353E+0	5.19261095E+0
2.61330358E+0	5.19220144E+0
2.60444601E+0	5.18838030E+0
2.58941433E+0	5.18386397E+0
2.56851049E+0	5.17964969E+0
2.55483542E+0	5.17795967E+0
2.54142705E+0	5.17847268E+0
2.52660817E+0	5.17996719E+0
2.50979366E+0	5.17956661E+0
2.49980563E+0	5.17632543E+0
2.48725616E+0	5.17249010E+0
2.47208376E+0	5.16771869E+0
2.45610895E+0	5.16594782E+0
2.44247400E+0	5.16212571E+0
2.43202466E+0	5.15799399E+0
2.41845461E+0	5.15465851E+0
2.40469477E+0	5.15062875E+0
2.39327898E+0	5.14212766E+0
2.37582638E+0	5.13826369E+0
2.35592424E+0	5.13436800E+0
2.33506137E+0	5.13094561E+0
2.31295398E+0	5.12704408E+0
2.29665407E+0	5.12297015E+0
2.27639539E+0	5.11761931E+0
2.25642342E+0	5.10950258E+0
2.23685232E+0	5.10522571E+0
2.22520666E+0	5.10321326E+0
2.21510821E+0	5.10096937E+0
2.20076652E+0	5.09791266E+0
2.18760660E+0	5.09345927E+0
2.17228896E+0	5.08842186E+0
2.15208493E+0	5.08568979E+0
2.13155441E+0	5.08316703E+0
2.12072424E+0	5.07875970E+0
2.10953202E+0	5.07273495E+0
2.09453279E+0	5.06595923E+0
2.08474549E+0	5.06456751E+0
2.08267103E+0	5.06530077E+0
2.08166695E+0	5.06698935E+0
2.07868470E+0	5.06725192E+0
2.07237315E+0	5.06698935E+0
2.06828423E+0	5.06524034E+0
2.06447296E+0	5.06237599E+0
2.05832990E+0	5.06207485E+0
2.05276396E+0	5.05899096E+0
2.05037387E+0	5.05701307E+0
2.04849384E+0	5.05359972E+0
2.03932725E+0	5.04841458E+0
2.02448349E+0	5.04076846E+0
2.01172821E+0	5.03557972E+0
1.99532206E+0	5.02917144E+0
1.97724951E+0	5.02457227E+0
1.96196130E+0	5.02026272E+0
1.95328208E+0	5.01692793E+0
1.94456967E+0	5.01466275E+0
1.93621767E+0	5.01293405E+0
1.92947523E+0	5.01042156E+0
1.92138222E+0	5.00540712E+0
1.91282652E+0	4.99997439E+0
1.89879008E+0	4.99693267E+0
1.88715082E+0	4.99402849E+0
1.87497464E+0	4.98809421E+0
1.86464082E+0	4.98360586E+0
1.85294349E+0	4.98125240E+0
1.84321926E+0	4.97583827E+0
1.83372841E+0	4.96967901E+0
1.81729180E+0	4.96091676E+0
1.79901203E+0	4.95714374E+0
1.78607586E+0	4.95430743E+0
1.77928011E+0	4.95211698E+0
1.77271348E+0	4.94685070E+0
1.76335684E+0	4.94180477E+0
1.75121219E+0	4.93578580E+0
1.74203780E+0	4.92957562E+0
1.72875211E+0	4.92423410E+0
1.71682022E+0	4.91766013E+0
1.70486336E+0	4.91330946E+0
1.69536960E+0	4.90423260E+0
1.68167641E+0	4.90233756E+0
1.67236962E+0	4.90028526E+0
1.66522695E+0	4.89903964E+0
1.65961140E+0	4.89595059E+0
1.64942739E+0	4.89376472E+0
1.63840152E+0	4.88627733E+0
1.62438024E+0	4.87944485E+0
1.60826823E+0	4.87460061E+0
1.59625902E+0	4.86728882E+0
1.58152931E+0	4.86115799E+0
1.56597658E+0	4.85489093E+0
1.55675824E+0	4.85055295E+0
1.54884221E+0	4.84403419E+0
1.53453094E+0	4.83617403E+0
1.51841488E+0	4.82527460E+0
1.50097054E+0	4.81925930E+0
1.48931444E+0	4.81567161E+0
1.47546021E+0	4.80509191E+0
1.45976113E+0	4.79618870E+0
1.44439655E+0	4.78726210E+0
1.43612992E+0	4.78442986E+0
1.42872790E+0	4.78210175E+0
1.41492652E+0	4.77459645E+0
1.40546699E+0	4.77076215E+0
1.39881437E+0	4.76898110E+0
1.39244260E+0	4.76522890E+0
1.37926683E+0	4.75903239E+0
1.37176124E+0	4.75464463E+0
1.36450197E+0	4.74933991E+0
1.36005128E+0	4.74626631E+0
1.35592486E+0	4.74076247E+0
1.34847381E+0	4.73307019E+0
1.33843734E+0	4.72822435E+0
1.32349887E+0	4.72672588E+0
1.30814092E+0	4.72673498E+0
1.30194882E+0	4.72228668E+0
1.29628626E+0	4.71054685E+0
1.28948775E+0	4.69850783E+0
1.28124795E+0	4.69554818E+0
1.27727237E+0	4.69432005E+0
1.27265259E+0	4.69990813E+0
1.26779709E+0	4.71285696E+0
1.26273281E+0	4.71135472E+0
1.25307061E+0	4.69370309E+0
1.24320417E+0	4.68196217E+0
1.23140632E+0	4.67173219E+0
1.22361324E+0	4.68217462E+0
1.21849303E+0	4.69562296E+0
1.21500357E+0	4.68324024E+0
1.19940337E+0	4.66382105E+0
1.17988543E+0	4.64222201E+0
1.16363115E+0	4.62145582E+0
1.15594532E+0	4.60365170E+0
1.14246880E+0	4.58791370E+0
1.12503522E+0	4.57719898E+0
1.10815089E+0	4.57299986E+0
1.09801340E+0	4.57293097E+0
1.09232546E+0	4.57249521E+0
1.08601350E+0	4.56607700E+0
1.07862029E+0	4.55589638E+0
1.07350830E+0	4.55851426E+0
1.07359611E+0	4.56026408E+0
1.07091953E+0	4.55305586E+0
1.06560549E+0	4.54422724E+0
1.05968849E+0	4.53645851E+0
1.04889809E+0	4.52756484E+0
1.02939311E+0	4.50661275E+0
1.01111349E+0	4.49019530E+0
1.00056496E+0	4.47037697E+0
9.86415603E-1	4.45519627E+0
9.74015969E-1	4.43694964E+0
9.64175600E-1	4.43469871E+0
9.61400077E-1	4.43469270E+0
9.59989070E-1	4.43652835E+0
9.58934344E-1	4.43471176E+0
9.53561553E-1	4.41220044E+0
9.44568960E-1	4.39508248E+0
9.29943460E-1	4.38622176E+0
9.16406374E-1	4.37629561E+0
9.00497586E-1	4.34524325E+0
8.84596698E-1	4.32584089E+0
8.66282654E-1	4.29916719E+0
8.49885958E-1	4.27936797E+0
8.35348586E-1	4.25966557E+0
8.23971032E-1	4.24487549E+0
8.09870942E-1	4.23010257E+0
7.93139123E-1	4.21183489E+0
7.84087641E-1	4.20506546E+0
7.75607519E-1	4.18931178E+0
7.65481379E-1	4.17271284E+0
7.54257653E-1	4.15393592E+0
7.45759187E-1	4.14449273E+0
7.40598977E-1	4.14203943E+0
7.36685821E-1	4.12994485E+0
7.24633977E-1	4.09140299E+0
7.11264450E-1	4.04637223E+0
6.92927369E-1	4.01200740E+0
6.71077067E-1	3.98198192E+0
6.50021828E-1	3.95985238E+0
6.39025213E-1	3.91811077E+0
6.24335422E-1	3.87478502E+0
6.04010319E-1	3.83448413E+0
5.80827421E-1	3.80256602E+0
5.67768665E-1	3.73461165E+0
5.51541055E-1	3.68170993E+0
5.29777610E-1	3.63514656E+0
5.08799739E-1	3.60446377E+0
4.98928043E-1	3.57060685E+0
4.88288027E-1	3.52415831E+0
4.75376650E-1	3.48121113E+0
4.60715600E-1	3.42827679E+0
4.48967872E-1	3.33761668E+0
4.31369709E-1	3.19343874E+0
4.00661256E-1	3.10399684E+0
3.73829952E-1	3.07831289E+0
3.60034840E-1	3.07490669E+0
3.56307157E-1	3.07553041E+0
3.54672848E-1	3.07660181E+0
3.54369679E-1	3.08727319E+0
3.54603054E-1	3.09266997E+0
3.54798289E-1	3.08630439E+0
3.55057498E-1	3.07579680E+0
3.55644794E-1	3.06160750E+0
3.56766535E-1	3.04606948E+0
3.57681009E-1	3.04594989E+0
3.58520068E-1	3.02977482E+0
3.54366047E-1	2.99882322E+0
3.49604571E-1	2.97918662E+0
3.43074580E-1	2.97657431E+0
3.40513091E-1	2.96505322E+0
3.38740126E-1	2.95420015E+0
3.37481039E-1	2.95022864E+0
3.36913948E-1	2.95018522E+0
3.36332645E-1	2.93433084E+0
3.34094384E-1	2.89381493E+0
3.29693777E-1	2.85088217E+0
3.25273101E-1	2.81427517E+0
3.20207239E-1	2.80400794E+0
3.16659493E-1	2.79987203E+0
3.14020857E-1	2.77560255E+0
3.11115747E-1	2.75612177E+0
3.06577195E-1	2.71453253E+0
2.99679027E-1	2.66869233E+0
2.93388677E-1	2.63045190E+0
2.89194656E-1	2.59338024E+0
2.81436498E-1	2.47033280E+0
2.65120806E-1	2.37974841E+0
2.54844701E-1	2.35898920E+0
2.50442369E-1	2.30761078E+0
2.45861010E-1	2.23517958E+0
2.34902988E-1	2.13459367E+0
2.26153079E-1	2.07845998E+0
2.20469730E-1	1.98762549E+0
2.11003806E-1	1.83931111E+0
1.98577432E-1	1.71759059E+0
1.88494747E-1	1.60228052E+0
1.76680777E-1	1.50615819E+0
1.68203880E-1	1.37560288E+0
1.56361714E-1	1.30269321E+0
1.49817194E-1	1.25286132E+0
1.46111898E-1	1.17181397E+0
1.38140341E-1	1.03162393E+0
1.29173489E-1	9.41558843E-1
1.21672809E-1	8.62485354E-1
1.16976805E-1	8.02195301E-1
1.11569964E-1	7.80007499E-1
1.08573009E-1	7.58647230E-1
1.06687671E-1	7.38610337E-1
1.05427948E-1	7.29934893E-1
1.04244186E-1	7.30991924E-1
1.04006906E-1	7.23977552E-1
1.03261243E-1	7.08156309E-1
1.00984798E-1	6.49950449E-1
9.78549468E-2	5.89626695E-1
9.30885687E-2	5.55562719E-1
8.77460190E-2	5.23291415E-1
8.49704975E-2	5.01999292E-1
8.28442473E-2	4.83988174E-1
8.09555034E-2	4.80279580E-1
7.94958233E-2	4.41879954E-1
7.63952575E-2	3.52637358E-1
6.61397669E-2	2.06625760E-1
4.89763469E-2	1.34218940E-1
3.05649185E-2	9.81195794E-2
2.61927338E-2	9.28624632E-2
2.25856900E-2	9.61352298E-2
2.18679490E-2	9.92203811E-2
2.21676127E-2	1.05227272E-1
2.31248111E-2	1.13963880E-1
2.39103385E-2	1.20810547E-1
2.44525481E-2	1.30916993E-1
2.54634589E-2	1.33252198E-1
2.63534600E-2	1.31192665E-1
2.60246018E-2	1.27617563E-1
