3.39736277E+0	5.32002065E+0
3.39719021E+0	5.32110108E+0
3.39705475E+0	5.31934784E+0
3.39727333E+0	5.31977926E+0
3.39756123E+0	5.32339457E+0
3.39774598E+0	5.32491311E+0
3.39755614E+0	5.32341379E+0
3.39725344E+0	5.32320827E+0
3.39600530E+0	5.32117798E+0
3.37999925E+0	5.31653797E+0
3.36303628E+0	5.31109881E+0
3.33282552E+0	5.30831543E+0
3.29909762E+0	5.30697850E+0
3.28637992E+0	5.30491136E+0
3.27417133E+0	5.30301994E+0
3.25984267E+0	5.30024377E+0
3.25142645E+0	5.29852432E+0
3.24757746E+0	5.29658821E+0
3.23935030E+0	5.29480081E+0
3.23117522E+0	5.29511865E+0
3.22487689E+0	5.29555401E+0
3.21996133E+0	5.29472768E+0
3.21492113E+0	5.29415157E+0
3.20774765E+0	5.29404034E+0
3.19681749E+0	5.29352630E+0
3.19258456E+0	5.29117068E+0
3.18830665E+0	5.28912488E+0
3.18604575E+0	5.28922118E+0
3.18492198E+0	5.28979959E+0
3.18405105E+0	5.28886832E+0
3.18088057E+0	5.28818286E+0
3.17575815E+0	5.28712183E+0
3.16876474E+0	5.28580641E+0
3.16249979E+0	5.28553835E+0
3.16000845E+0	5.28567304E+0
3.15559296E+0	5.28565353E+0
3.15259211E+0	5.28490785E+0
3.14817689E+0	5.28470364E+0
3.14016118E+0	5.28408052E+0
3.13585842E+0	5.28055120E+0
3.13539712E+0	5.27854266E+0
3.13357263E+0	5.27603375E+0
3.12817429E+0	5.27511416E+0
3.12395576E+0	5.27503280E+0
3.11422593E+0	5.27463812E+0
3.10896294E+0	5.27495510E+0
3.10532067E+0	5.27503829E+0
3.10418104E+0	5.27440227E+0
3.10488130E+0	5.27299530E+0
3.10502836E+0	5.27065902E+0
3.10186787E+0	5.26927002E+0
3.09673532E+0	5.26924324E+0
3.09241990E+0	5.26990187E+0
3.08903993E+0	5.26952097E+0
3.08669552E+0	5.27101113E+0
3.08580811E+0	5.27156946E+0
3.08475829E+0	5.27213201E+0
3.08026857E+0	5.27126334E+0
3.07609449E+0	5.26853690E+0
3.06279140E+0	5.26564870E+0
3.05316005E+0	5.26607457E+0
3.04599152E+0	5.26774690E+0
3.04473239E+0	5.26761571E+0
3.04273804E+0	5.26668353E+0
3.04080472E+0	5.26640923E+0
3.03873196E+0	5.26773838E+0
3.03651854E+0	5.26581022E+0
3.03420982E+0	5.26252608E+0
3.02684020E+0	5.25986647E+0
3.02182415E+0	5.25869484E+0
3.01554499E+0	5.25921997E+0
3.01307999E+0	5.26017464E+0
3.00773868E+0	5.26080483E+0
3.00457028E+0	5.25981909E+0
2.99854043E+0	5.25928560E+0
2.99163769E+0	5.25730223E+0
2.98553247E+0	5.25507563E+0
2.97844811E+0	5.25091436E+0
2.97434981E+0	5.24759669E+0
2.97006694E+0	5.24551273E+0
2.96291234E+0	5.24676824E+0
2.95069898E+0	5.24847417E+0
2.94546877E+0	5.24836396E+0
2.93600564E+0	5.24469881E+0
2.92452038E+0	5.24140264E+0
2.91979397E+0	5.23745410E+0
2.91481906E+0	5.23812262E+0
2.90777644E+0	5.23790731E+0
2.90377535E+0	5.23560090E+0
2.89577761E+0	5.23585374E+0
2.89163014E+0	5.23843028E+0
2.88744367E+0	5.23853081E+0
2.88185554E+0	5.23564032E+0
2.87265235E+0	5.23220032E+0
2.86574630E+0	5.23078420E+0
2.86016226E+0	5.22687102E+0
2.85872569E+0	5.22780017E+0
2.86082429E+0	5.23152968E+0
2.86362573E+0	5.23433429E+0
2.86212560E+0	5.23362457E+0
2.85792401E+0	5.23462140E+0
2.85238587E+0	5.23427695E+0
2.84599474E+0	5.23330741E+0
2.84017037E+0	5.22985454E+0
2.83309229E+0	5.22887745E+0
2.82465771E+0	5.22747004E+0
2.81799050E+0	5.22634657E+0
2.81190698E+0	5.22275835E+0
2.80122908E+0	5.22109368E+0
2.79709655E+0	5.22188648E+0
2.78883457E+0	5.22171735E+0
2.78351042E+0	5.22336182E+0
2.78225742E+0	5.22236190E+0
2.77662939E+0	5.21971504E+0
2.76558436E+0	5.21391891E+0
2.75950733E+0	5.21280392E+0
2.75289899E+0	5.21315317E+0
2.75215487E+0	5.21257156E+0
2.75215165E+0	5.21159332E+0
2.75071631E+0	5.20973663E+0
2.74469395E+0	5.20829230E+0
2.74219662E+0	5.20788532E+0
2.73949402E+0	5.20851230E+0
2.73629326E+0	5.20769622E+0
2.73471617E+0	5.20745671E+0
2.72988742E+0	5.20751301E+0
2.72589241E+0	5.20622008E+0
2.72195370E+0	5.20521718E+0
2.71139247E+0	5.20154145E+0
2.70055026E+0	5.19867408E+0
2.69563792E+0	5.19649897E+0
2.69156308E+0	5.19623080E+0
2.68891719E+0	5.19876597E+0
2.68835941E+0	5.19891902E+0
2.68434456E+0	5.19607791E+0
2.67501365E+0	5.19251599E+0
2.67026058E+0	5.18855943E+0
2.66152559E+0	5.18785595E+0
2.65582396E+0	5.18868548E+0
2.65504529E+0	5.18986198E+0
2.65445881E+0	5.19071640E+0
2.64869984E+0	5.19011768E+0
2.63965324E+0	5.18587138E+0
2.62690072E+0	5.18049796E+0
2.60658267E+0	5.17731081E+0
2.59747182E+0	5.17664560E+0
2.58507023E+0	5.17682801E+0
2.58141597E+0	5.17530123E+0
2.57969573E+0	5.17395566E+0
2.57575720E+0	5.17173062E+0
2.57109236E+0	5.17021913E+0
2.56644518E+0	5.16981745E+0
2.56046745E+0	5.16785443E+0
2.55018778E+0	5.16798848E+0
2.54134411E+0	5.16512226E+0
2.53189189E+0	5.15995030E+0
2.51725237E+0	5.15482435E+0
2.50885323E+0	5.15415360E+0
2.50277125E+0	5.15356775E+0
2.49661985E+0	5.15469681E+0
2.49135537E+0	5.15339421E+0
2.48401490E+0	5.15019750E+0
2.47639274E+0	5.14713645E+0
2.46841916E+0	5.14634703E+0
2.46532683E+0	5.14265831E+0
2.45915073E+0	5.13852187E+0
2.44135293E+0	5.13492412E+0
2.42618544E+0	5.13277248E+0
2.41102849E+0	5.12907340E+0
2.39566609E+0	5.12920775E+0
2.38615116E+0	5.12968042E+0
2.37692022E+0	5.12676733E+0
2.36287661E+0	5.12395935E+0
2.35208243E+0	5.12244803E+0
2.34362249E+0	5.11942644E+0
2.32994715E+0	5.11488101E+0
2.31912360E+0	5.11049395E+0
2.30449769E+0	5.10783657E+0
2.29537513E+0	5.10574151E+0
2.29296797E+0	5.10572240E+0
2.29110950E+0	5.10560253E+0
2.28955873E+0	5.10439978E+0
2.28667501E+0	5.10376444E+0
2.28182234E+0	5.10243792E+0
2.27800558E+0	5.10008608E+0
2.27451142E+0	5.09623417E+0
2.26582492E+0	5.09337510E+0
2.25124900E+0	5.09126791E+0
2.24665371E+0	5.08897426E+0
2.24036138E+0	5.08617520E+0
2.23210540E+0	5.08527037E+0
2.22726670E+0	5.08504380E+0
2.22519045E+0	5.08433539E+0
2.22440365E+0	5.08185344E+0
2.22143513E+0	5.07887632E+0
2.21155415E+0	5.07174686E+0
2.19389787E+0	5.06773658E+0
2.18104134E+0	5.06330181E+0
2.16904220E+0	5.06114273E+0
2.15949112E+0	5.05909797E+0
2.15329137E+0	5.05769941E+0
2.14827592E+0	5.05194333E+0
2.13062559E+0	5.04782892E+0
2.11441215E+0	5.04310142E+0
2.09906594E+0	5.04264752E+0
2.09039638E+0	5.04200778E+0
2.08512931E+0	5.04229512E+0
2.07973178E+0	5.04067394E+0
2.07205533E+0	5.04042705E+0
2.06451749E+0	5.03893952E+0
2.05998500E+0	5.03607638E+0
2.05479878E+0	5.03216383E+0
2.04848643E+0	5.02960961E+0
2.04273313E+0	5.02750488E+0
2.03343137E+0	5.02507980E+0
2.02229580E+0	5.02008064E+0
2.01680148E+0	5.01842970E+0
2.00938605E+0	5.01735863E+0
2.00565116E+0	5.01605008E+0
2.00201943E+0	5.01415616E+0
1.99725093E+0	5.01210459E+0
1.98897969E+0	5.00933191E+0
1.98300800E+0	5.00678479E+0
1.97679367E+0	5.00192226E+0
1.96493619E+0	4.99645673E+0
1.95345288E+0	4.99298332E+0
1.94576575E+0	4.99170137E+0
1.93989504E+0	4.98911585E+0
1.93190112E+0	4.98890592E+0
1.92767944E+0	4.98630907E+0
1.92291367E+0	4.98383089E+0
1.91656499E+0	4.98077505E+0
1.90964980E+0	4.97574333E+0
1.89953659E+0	4.96892382E+0
1.87944587E+0	4.96410009E+0
1.86736133E+0	4.96054680E+0
1.85830184E+0	4.95567066E+0
1.84743611E+0	4.95209191E+0
1.83951111E+0	4.94817605E+0
1.83210667E+0	4.94381579E+0
1.81932500E+0	4.94036945E+0
1.80959209E+0	4.93625815E+0
1.79994194E+0	4.93419799E+0
1.79182953E+0	4.93408430E+0
1.78917969E+0	4.93388502E+0
1.78768973E+0	4.93143705E+0
1.78048978E+0	4.92646695E+0
1.76770970E+0	4.91975535E+0
1.76044769E+0	4.91494215E+0
1.74789468E+0	4.91016379E+0
1.73710940E+0	4.90352531E+0
1.72499199E+0	4.89753023E+0
1.71246140E+0	4.89450820E+0
1.69946384E+0	4.89336690E+0
1.69339712E+0	4.89077091E+0
1.68759513E+0	4.88883612E+0
1.67825281E+0	4.88815952E+0
1.67475189E+0	4.88350304E+0
1.66655179E+0	4.87842286E+0
1.65724476E+0	4.87541571E+0
1.65000073E+0	4.86927130E+0
1.64301468E+0	4.86255672E+0
1.62956141E+0	4.85795029E+0
1.61895529E+0	4.85296985E+0
1.60814555E+0	4.84868167E+0
1.59492365E+0	4.84354255E+0
1.58574561E+0	4.83805985E+0
1.57009317E+0	4.83261881E+0
1.55644621E+0	4.82169878E+0
1.53985800E+0	4.81973601E+0
1.53301675E+0	4.82035081E+0
1.52904844E+0	4.81876893E+0
1.52327439E+0	4.80988017E+0
1.51325511E+0	4.79663559E+0
1.50046264E+0	4.78868129E+0
1.48565376E+0	4.78964854E+0
1.47845018E+0	4.78979834E+0
1.47269797E+0	4.78862281E+0
1.46780829E+0	4.78765453E+0
1.46507338E+0	4.78596743E+0
1.46471814E+0	4.78437331E+0
1.46465844E+0	4.78205568E+0
1.46132092E+0	4.77611584E+0
1.45464443E+0	4.76926384E+0
1.44190177E+0	4.76374208E+0
1.43362685E+0	4.76383851E+0
1.42865363E+0	4.76285884E+0
1.42352222E+0	4.76008559E+0
1.41916716E+0	4.75402300E+0
1.41048225E+0	4.75119408E+0
1.40567580E+0	4.75014564E+0
1.39870241E+0	4.74424686E+0
1.39263742E+0	4.73935469E+0
1.38552174E+0	4.73482437E+0
1.37764197E+0	4.72854739E+0
1.37047563E+0	4.72391779E+0
1.36388917E+0	4.72010949E+0
1.35590139E+0	4.71929970E+0
1.35225276E+0	4.71597316E+0
1.34784182E+0	4.71205415E+0
1.34202695E+0	4.71247555E+0
1.33931482E+0	4.70595791E+0
1.33471876E+0	4.70137672E+0
1.32569101E+0	4.68406356E+0
1.30754553E+0	4.66867217E+0
1.29126868E+0	4.65748170E+0
1.27593712E+0	4.65506583E+0
1.26537028E+0	4.65418501E+0
1.26023292E+0	4.64792033E+0
1.25441570E+0	4.64408777E+0
1.24670705E+0	4.64498327E+0
1.24389376E+0	4.64187393E+0
1.23645032E+0	4.62382348E+0
1.21499450E+0	4.59983396E+0
1.19614543E+0	4.59496314E+0
1.18243894E+0	4.59349112E+0
1.17670394E+0	4.59361557E+0
1.17077983E+0	4.57437649E+0
1.15831377E+0	4.55931722E+0
1.14133451E+0	4.54399046E+0
1.12248898E+0	4.54642430E+0
1.11755667E+0	4.54475992E+0
1.11352161E+0	4.53890102E+0
1.10570691E+0	4.52816809E+0
1.09915927E+0	4.52378945E+0
1.09186375E+0	4.51408746E+0
1.08338815E+0	4.51074451E+0
1.07862769E+0	4.50977702E+0
1.07428312E+0	4.50109184E+0
1.06339183E+0	4.47359126E+0
1.03794641E+0	4.45171088E+0
1.01934838E+0	4.44539430E+0
1.00261330E+0	4.43692802E+0
9.94066323E-1	4.43106232E+0
9.90171750E-1	4.43077697E+0
9.84609008E-1	4.42449805E+0
9.78745559E-1	4.41565608E+0
9.68567827E-1	4.39236639E+0
9.56175633E-1	4.38174212E+0
9.38527215E-1	4.36149253E+0
9.26545013E-1	4.34971580E+0
9.15493220E-1	4.33201534E+0
9.01202297E-1	4.32078377E+0
8.88016632E-1	4.30205684E+0
8.77411154E-1	4.28344217E+0
8.65478578E-1	4.27111867E+0
8.55447001E-1	4.27052985E+0
8.50971536E-1	4.26610841E+0
8.46881864E-1	4.26235621E+0
8.41605663E-1	4.24924145E+0
8.36955395E-1	4.23369442E+0
8.24197612E-1	4.20799329E+0
8.09219326E-1	4.19777005E+0
8.01121145E-1	4.19267512E+0
7.96736649E-1	4.18962522E+0
7.90721345E-1	4.17059012E+0
7.82396984E-1	4.16255355E+0
7.78208196E-1	4.15676560E+0
7.71144190E-1	4.15354137E+0
7.67247074E-1	4.14374926E+0
7.64894766E-1	4.13833311E+0
7.58235032E-1	4.11058313E+0
7.47432368E-1	4.09254766E+0
7.35476501E-1	4.06928263E+0
7.25525016E-1	4.06006207E+0
7.16574042E-1	4.05763355E+0
7.13335730E-1	4.04687236E+0
7.05270986E-1	4.00970779E+0
6.89287151E-1	3.98596803E+0
6.77447245E-1	3.96846583E+0
6.68216222E-1	3.96799270E+0
6.64229617E-1	3.96496301E+0
6.61507543E-1	3.95246054E+0
6.56784902E-1	3.92910150E+0
6.47654992E-1	3.92196065E+0
6.38594005E-1	3.89910718E+0
6.29341324E-1	3.87015496E+0
6.18548377E-1	3.83898260E+0
6.04117560E-1	3.82354610E+0
5.95484767E-1	3.78667094E+0
5.81618680E-1	3.75416343E+0
5.65329644E-1	3.71561970E+0
5.53933557E-1	3.69751329E+0
5.44334948E-1	3.68171884E+0
5.37480251E-1	3.67628020E+0
5.32552659E-1	3.66135265E+0
5.28190703E-1	3.65114600E+0
5.23409810E-1	3.63943130E+0
5.18444442E-1	3.62173238E+0
5.14724173E-1	3.61030811E+0
5.10129071E-1	3.61927680E+0
5.08858455E-1	3.60397391E+0
5.07458712E-1	3.58634866E+0
4.99989071E-1	3.55057512E+0
4.90056201E-1	3.52089610E+0
4.80284968E-1	3.48863482E+0
4.72211279E-1	3.46895437E+0
4.65287842E-1	3.46369894E+0
4.62418071E-1	3.43751259E+0
4.55128227E-1	3.40334270E+0
4.44366291E-1	3.36693265E+0
4.36661868E-1	3.34853501E+0
4.31506435E-1	3.34128453E+0
4.28133069E-1	3.34004138E+0
4.26774216E-1	3.32303325E+0
4.23712194E-1	3.29108893E+0
4.17616781E-1	3.27710093E+0
4.11529767E-1	3.25775177E+0
4.07989478E-1	3.24739105E+0
4.04871895E-1	3.24008753E+0
4.02654436E-1	3.24213109E+0
4.02400721E-1	3.24984102E+0
4.03244726E-1	3.25532915E+0
4.05129650E-1	3.26398172E+0
4.06432457E-1	3.26467625E+0
4.07058071E-1	3.25929149E+0
4.05896923E-1	3.24325042E+0
4.02075496E-1	3.21253303E+0
3.98165215E-1	3.20100588E+0
3.93957450E-1	3.20098340E+0
3.92546764E-1	3.19127981E+0
3.90864385E-1	3.17859922E+0
3.88858279E-1	3.17559711E+0
3.86609309E-1	3.16562368E+0
3.83845420E-1	3.13914055E+0
3.79030247E-1	3.10378827E+0
3.72901462E-1	3.08957937E+0
3.69524613E-1	3.08364403E+0
3.67676634E-1	3.06473441E+0
3.64147407E-1	3.06348576E+0
3.62828982E-1	3.06605091E+0
3.62352564E-1	3.05288284E+0
3.61337297E-1	3.03709989E+0
3.58330408E-1	3.02747749E+0
3.56727258E-1	3.03083475E+0
3.55178183E-1	3.01221339E+0
3.52678179E-1	2.99791989E+0
3.50194247E-1	2.98839012E+0
3.48600268E-1	2.96988173E+0
3.44792462E-1	2.93962571E+0
3.40857663E-1	2.91811186E+0
3.36590511E-1	2.92498173E+0
3.35973115E-1	2.93386522E+0
3.36953966E-1	2.93624676E+0
3.37008586E-1	2.91595261E+0
3.33340305E-1	2.88843642E+0
3.29196332E-1	2.87395883E+0
3.27739336E-1	2.89018680E+0
3.28335846E-1	2.89246553E+0
3.29176991E-1	2.88356744E+0
3.28224653E-1	2.86839260E+0
3.26075479E-1	2.84334423E+0
3.23357398E-1	2.83684141E+0
3.21042363E-1	2.84038234E+0
3.20662244E-1	2.84096767E+0
3.20693346E-1	2.82197457E+0
3.18006506E-1	2.80309110E+0
3.15496104E-1	2.78271810E+0
3.13052263E-1	2.77976692E+0
3.10465311E-1	2.74672754E+0
3.07065456E-1	2.73344782E+0
3.05442237E-1	2.73340091E+0
3.03616020E-1	2.72530712E+0
3.02255324E-1	2.70871095E+0
3.00626657E-1	2.69685961E+0
2.99142963E-1	2.69328653E+0
2.97170183E-1	2.67976228E+0
2.94749544E-1	2.64074813E+0
2.91422334E-1	2.62172940E+0
2.87448579E-1	2.61683392E+0
2.86093513E-1	2.61521623E+0
2.85281881E-1	2.58677885E+0
2.82363166E-1	2.57129338E+0
2.80200963E-1	2.57208000E+0
2.78932845E-1	2.58745367E+0
2.79795192E-1	2.58992979E+0
2.80672430E-1	2.58781505E+0
2.80787027E-1	2.58147982E+0
2.80221798E-1	2.56415185E+0
2.78184546E-1	2.54730113E+0
2.76375990E-1	2.53615537E+0
2.74453518E-1	2.53761672E+0
2.72810549E-1	2.55200255E+0
2.70508185E-1	2.54996237E+0
2.67695260E-1	2.53605294E+0
2.65315302E-1	2.53004482E+0
2.65345314E-1	2.52259461E+0
2.65014459E-1	2.50051752E+0
2.63860621E-1	2.48152545E+0
2.62349731E-1	2.48054579E+0
2.61706001E-1	2.46667618E+0
2.59928093E-1	2.44125334E+0
2.56155202E-1	2.39957854E+0
2.52669852E-1	2.38085660E+0
2.50044897E-1	2.37061203E+0
2.47901809E-1	2.37317323E+0
2.47119644E-1	2.35086356E+0
2.45604440E-1	2.33456028E+0
2.43096808E-1	2.32313006E+0
2.41581968E-1	2.32541405E+0
2.40956852E-1	2.30015891E+0
2.39366595E-1	2.27617804E+0
2.35395880E-1	2.25262118E+0
2.33716589E-1	2.25143324E+0
2.33105640E-1	2.24865624E+0
2.32895558E-1	2.24654751E+0
2.32378594E-1	2.22615364E+0
2.30866660E-1	2.20235547E+0
2.28378778E-1	2.19528947E+0
2.27335770E-1	2.20357281E+0
2.27409505E-1	2.18223354E+0
2.25873597E-1	2.16070053E+0
2.24110536E-1	2.14935631E+0
2.22392016E-1	2.14981519E+0
2.21705289E-1	2.12280395E+0
2.20160437E-1	2.10594316E+0
2.19063308E-1	2.07546097E+0
2.15660002E-1	2.04840287E+0
2.12662784E-1	2.02937241E+0
2.10774318E-1	2.01900116E+0
2.08829189E-1	1.97526548E+0
2.05005039E-1	1.95294734E+0
2.02918115E-1	1.94196844E+0
2.01861395E-1	1.93541675E+0
2.00083396E-1	1.89424585E+0
1.97500168E-1	1.85441627E+0
1.93223074E-1	1.81980043E+0
1.90678984E-1	1.81213502E+0
1.88989749E-1	1.80354190E+0
1.88434010E-1	1.78899056E+0
1.87234179E-1	1.77124062E+0
1.85293726E-1	1.76191215E+0
1.84564774E-1	1.75233713E+0
1.83898706E-1	1.73391140E+0
1.82266043E-1	1.71225881E+0
1.81030343E-1	1.70116285E+0
1.80173444E-1	1.70817198E+0
1.80378032E-1	1.71432949E+0
1.80255442E-1	1.69326909E+0
1.79343469E-1	1.66842237E+0
1.77387534E-1	1.64347054E+0
1.75136567E-1	1.62413478E+0
1.73408376E-1	1.58512613E+0
1.71337524E-1	1.55489432E+0
1.67987477E-1	1.52512048E+0
1.65889565E-1	1.52665743E+0
1.65389446E-1	1.53770869E+0
1.65534101E-1	1.53425928E+0
1.65204836E-1	1.52145573E+0
1.64549254E-1	1.51306006E+0
1.63720820E-1	1.48041657E+0
1.61033885E-1	1.45837994E+0
1.59478091E-1	1.44076807E+0
1.58406479E-1	1.44157574E+0
1.57738049E-1	1.42495429E+0
1.56917836E-1	1.40487099E+0
1.55411577E-1	1.38990477E+0
1.54345595E-1	1.37662015E+0
1.52847599E-1	1.35666370E+0
1.51820936E-1	1.35393851E+0
1.50980564E-1	1.35398469E+0
1.50863650E-1	1.35054126E+0
1.50460241E-1	1.32579799E+0
1.49340410E-1	1.30528350E+0
1.47210898E-1	1.28293824E+0
1.45895560E-1	1.28417459E+0
1.45353534E-1	1.27879809E+0
1.44949216E-1	1.26335454E+0
1.42979660E-1	1.21890990E+0
1.41604935E-1	1.19281159E+0
1.39260165E-1	1.18003586E+0
1.37824825E-1	1.17602867E+0
1.36719479E-1	1.14947563E+0
1.35675244E-1	1.13708589E+0
1.34654708E-1	1.13359320E+0
1.33797534E-1	1.12405457E+0
1.33067174E-1	1.10792599E+0
1.31917241E-1	1.09729366E+0
1.30605672E-1	1.07171405E+0
1.29079072E-1	1.04053616E+0
1.27346976E-1	1.02422426E+0
1.25466184E-1	1.00607209E+0
1.23560374E-1	9.67421508E-1
1.21548502E-1	9.31382651E-1
1.19302212E-1	9.18521668E-1
1.17246935E-1	9.11599168E-1
1.16574782E-1	9.11157969E-1
1.16142587E-1	9.07768440E-1
1.15699722E-1	8.97897955E-1
1.15142349E-1	8.88474698E-1
1.14560277E-1	8.68437782E-1
1.11866400E-1	8.01954096E-1
1.07834302E-1	7.59849279E-1
1.05095839E-1	7.57488453E-1
1.03539863E-1	7.57270285E-1
1.02682192E-1	7.34791088E-1
1.01558638E-1	7.22434015E-1
1.00677267E-1	6.96129182E-1
9.84579479E-2	6.82217527E-1
9.70258789E-2	6.62302962E-1
9.56022546E-2	6.65567242E-1
9.46379763E-2	6.41334062E-1
9.29170496E-2	6.22882303E-1
9.13985768E-2	6.07418754E-1
9.02567711E-2	6.04902928E-1
8.93044792E-2	5.85861607E-1
8.78752697E-2	5.48949795E-1
8.45205909E-2	5.19762948E-1
8.13914764E-2	5.08455862E-1
8.01394764E-2	5.11166054E-1
7.99405640E-2	5.05374610E-1
7.89842312E-2	4.89963967E-1
7.81258337E-2	4.89767415E-1
7.79379997E-2	5.00493749E-1
7.83256089E-2	5.01115982E-1
7.88564205E-2	4.99849830E-1
7.87163055E-2	4.87160385E-1
7.75766791E-2	4.67025365E-1
7.54792670E-2	4.51193169E-1
7.37883974E-2	4.36821262E-1
7.22715592E-2	4.11118639E-1
6.85388059E-2	3.84639927E-1
6.64889326E-2	3.83133864E-1
6.52165932E-2	3.66460408E-1
6.32646553E-2	3.46609413E-1
6.15409135E-2	3.35511170E-1
5.95278155E-2	3.34892598E-1
5.90807732E-2	3.33217631E-1
5.79090919E-2	3.14591363E-1
5.66680341E-2	2.83324971E-1
5.27421343E-2	2.65633741E-1
4.94877969E-2	2.56723757E-1
4.81185198E-2	2.49653231E-1
4.70132183E-2	2.42298222E-1
4.54505225E-2	2.25125089E-1
4.26400492E-2	2.14088869E-1
4.06538754E-2	1.88894163E-1
3.75834674E-2	1.69333888E-1
3.13861694E-2	1.46454291E-1
2.77938488E-2	1.47932546E-1
2.61896542E-2	1.49010169E-1
2.56586609E-2	1.48894591E-1
2.54998851E-2	1.46173757E-1
2.47854164E-2	1.44788021E-1
2.44774903E-2	1.48221034E-1
2.59044752E-2	1.57063901E-1
2.82403461E-2	1.71889423E-1
3.07531541E-2	1.72972195E-1
3.29460037E-2	1.74610943E-1
3.32281861E-2	1.74821158E-1
3.30566973E-2	1.63569288E-1
3.02964403E-2	1.46805831E-1
2.70158599E-2	1.32490399E-1
2.38050645E-2	1.32504128E-1
2.42902457E-2	1.34478620E-1
2.57688997E-2	1.35444838E-1
2.69262789E-2	1.32909330E-1
2.56025414E-2	1.29738657E-1
2.34413829E-2	1.21513675E-1
2.11002905E-2	1.21031852E-1
