-3.28895803E+0	-5.09033635E+0
-3.26195023E+0	-5.08745306E+0
-3.24605740E+0	-5.08296072E+0
-3.21920824E+0	-5.07834874E+0
-3.17020481E+0	-5.06950454E+0
-3.14967402E+0	-5.06537388E+0
-3.11800577E+0	-5.05600802E+0
-3.06363901E+0	-5.04909702E+0
-3.04174119E+0	-5.04119373E+0
-3.00885703E+0	-5.03655452E+0
-2.95354037E+0	-5.02994695E+0
-2.93060988E+0	-5.02425360E+0
-2.89489120E+0	-5.01861180E+0
-2.84565740E+0	-5.01337105E+0
-2.80781067E+0	-5.00815055E+0
-2.76926455E+0	-5.00245566E+0
-2.71623185E+0	-4.99616563E+0
-2.68875534E+0	-4.98764449E+0
-2.63271766E+0	-4.97774197E+0
-2.58948917E+0	-4.96751017E+0
-2.54579278E+0	-4.95716742E+0
-2.48640961E+0	-4.94267261E+0
-2.44118670E+0	-4.92777922E+0
-2.39530866E+0	-4.91915829E+0
-2.33293451E+0	-4.91207825E+0
-2.28631910E+0	-4.90113361E+0
-2.24025881E+0	-4.88860775E+0
-2.18116227E+0	-4.87505602E+0
-2.13801341E+0	-4.86213243E+0
-2.09529485E+0	-4.84378355E+0
-2.03769129E+0	-4.82567334E+0
-1.98049132E+0	-4.81038636E+0
-1.95231114E+0	-4.79489265E+0
-1.89738182E+0	-4.77865014E+0
-1.84273469E+0	-4.76529312E+0
-1.81531952E+0	-4.75211439E+0
-1.76098890E+0	-4.73447509E+0
-1.72037913E+0	-4.71791830E+0
-1.67992405E+0	-4.69428199E+0
-1.62515800E+0	-4.67923725E+0
-1.58353217E+0	-4.65836808E+0
-1.54133821E+0	-4.64238926E+0
-1.48643660E+0	-4.61479400E+0
-1.44761942E+0	-4.60106117E+0
-1.41075302E+0	-4.58336682E+0
-1.36415179E+0	-4.56553607E+0
-1.32913942E+0	-4.54432061E+0
-1.29444559E+0	-4.52839242E+0
-1.24980595E+0	-4.50668122E+0
-1.21873223E+0	-4.48649741E+0
-1.18952515E+0	-4.46377328E+0
-1.15376856E+0	-4.44685733E+0
-1.12912372E+0	-4.43368759E+0
-1.10597657E+0	-4.42080165E+0
-1.07625389E+0	-4.40878109E+0
-1.04669711E+0	-4.39007950E+0
-1.03167200E+0	-4.36812433E+0
-1.00182246E+0	-4.34726408E+0
-9.79919558E-1	-4.33258589E+0
-9.58740669E-1	-4.30811734E+0
-9.31578768E-1	-4.29397580E+0
-9.05255069E-1	-4.27700000E+0
-8.92646440E-1	-4.26021863E+0
-8.68908614E-1	-4.24420456E+0
-8.51828779E-1	-4.23274079E+0
-8.34517344E-1	-4.21478381E+0
-8.09774475E-1	-4.19079698E+0
-7.82632916E-1	-4.16463911E+0
-7.68485462E-1	-4.13872613E+0
-7.39129054E-1	-4.11192850E+0
-7.09853330E-1	-4.09060484E+0
-6.95366572E-1	-4.05900012E+0
-6.66600915E-1	-4.02966210E+0
-6.45292989E-1	-4.00393864E+0
-6.24813458E-1	-3.97979165E+0
-5.99347713E-1	-3.95069950E+0
-5.73959517E-1	-3.91781412E+0
-5.60710198E-1	-3.88117965E+0
-5.32423235E-1	-3.84452516E+0
-5.10842567E-1	-3.81449571E+0
-4.89581952E-1	-3.76478198E+0
-4.61926013E-1	-3.73120283E+0
-4.34543677E-1	-3.68840961E+0
-4.21051674E-1	-3.64378283E+0
-3.94936153E-1	-3.59863937E+0
-3.75534602E-1	-3.56098608E+0
-3.56133550E-1	-3.49369800E+0
-3.29355859E-1	-3.45155576E+0
-3.09296802E-1	-3.39444917E+0
-2.89503813E-1	-3.33835805E+0
-2.64784087E-1	-3.28222973E+0
-2.42117179E-1	-3.24341612E+0
-2.31548826E-1	-3.17595203E+0
-2.11770652E-1	-3.13441744E+0
-1.92499503E-1	-3.06957270E+0
-1.82719090E-1	-3.02026802E+0
-1.63113133E-1	-2.93550680E+0
-1.48614209E-1	-2.88573911E+0
-1.34525827E-1	-2.81135434E+0
-1.16085978E-1	-2.73531680E+0
-1.02870895E-1	-2.65721346E+0
-9.01209752E-2	-2.57580065E+0
-7.36211455E-2	-2.47722546E+0
-6.09169926E-2	-2.37689310E+0
-4.79583508E-2	-2.29540740E+0
-3.09158534E-2	-2.16669051E+0
-1.51073434E-2	-2.08247062E+0
-7.62291186E-3	-1.97733883E+0
6.33477707E-3	-1.89173855E+0
1.96749001E-2	-1.74262660E+0
2.61126546E-2	-1.65133824E+0
3.82762729E-2	-1.53968017E+0
4.89322940E-2	-1.43891969E+0
5.36921397E-2	-1.33739174E+0
6.21100536E-2	-1.26045703E+0
6.80322871E-2	-1.11936762E+0
7.38600354E-2	-1.03686006E+0
8.11873912E-2	-9.22858202E-1
8.79732125E-2	-8.38843962E-1
9.13357932E-2	-6.78057735E-1
9.80731230E-2	-5.79113716E-1
1.03150752E-1	-4.46699425E-1
1.08118004E-1	-3.22814459E-1
1.14590628E-1	-1.89992312E-1
1.19497492E-1	-6.21828172E-2
1.24421792E-1	3.99376515E-2
1.31006564E-1	2.02467797E-1
1.35991886E-1	3.11926984E-1
1.41242777E-1	4.91459976E-1
1.48825485E-1	6.13319693E-1
1.55079807E-1	7.68174990E-1
1.61676520E-1	8.92672815E-1
1.71344910E-1	1.10256408E+0
1.79290034E-1	1.23829621E+0
1.87986323E-1	1.42969320E+0
2.01395782E-1	1.62521236E+0
2.16575819E-1	1.82747145E+0
2.24954370E-1	1.97553916E+0
2.43705256E-1	2.18080021E+0
2.59569302E-1	2.36800114E+0
2.76668839E-1	2.56472521E+0
3.02343298E-1	2.75382351E+0
3.24445141E-1	2.94858424E+0
3.49036670E-1	3.08477389E+0
3.86613903E-1	3.30660256E+0
4.28485317E-1	3.42799681E+0
4.51403297E-1	3.59139497E+0
5.03306288E-1	3.74305781E+0
5.49497810E-1	3.89850754E+0
6.01054549E-1	4.03460952E+0
6.78175555E-1	4.16286738E+0
7.59230734E-1	4.27106867E+0
8.01329214E-1	4.34682099E+0
8.88249646E-1	4.45553243E+0
9.58089972E-1	4.52313183E+0
1.03289156E+0	4.60956933E+0
1.14487808E+0	4.67324995E+0
1.23428802E+0	4.76059819E+0
1.32473939E+0	4.80424851E+0
1.44231439E+0	4.86872859E+0
1.55426209E+0	4.90396810E+0
1.61043070E+0	4.94833897E+0
1.72407925E+0	4.97808392E+0
1.81271509E+0	5.01637539E+0
1.90329376E+0	5.04883644E+0
2.02043291E+0	5.07941088E+0
2.12880703E+0	5.10590777E+0
2.17961613E+0	5.12966585E+0
2.27546527E+0	5.14408802E+0
2.34371200E+0	5.16608837E+0
2.43090417E+0	5.17777360E+0
2.49445575E+0	5.19353608E+0
2.55659731E+0	5.20689450E+0
2.61567215E+0	5.21829971E+0
2.68637424E+0	5.22851284E+0
2.73435645E+0	5.23606623E+0
2.77837738E+0	5.24665168E+0
2.83183995E+0	5.25269851E+0
2.88030390E+0	5.26223188E+0
2.90344772E+0	5.26796127E+0
2.94827144E+0	5.27466056E+0
2.98101804E+0	5.27920393E+0
3.01285810E+0	5.28573002E+0
3.05204386E+0	5.28974474E+0
3.07974538E+0	5.29562404E+0
3.10684617E+0	5.29974267E+0
3.14103594E+0	5.30322710E+0
3.16489219E+0	5.30569784E+0
3.18720879E+0	5.31055064E+0
3.21495804E+0	5.31363362E+0
3.23478315E+0	5.31593191E+0
3.25346975E+0	5.31593559E+0
3.27614408E+0	5.31799510E+0
3.29105836E+0	5.32035746E+0
3.30415902E+0	5.32276300E+0
3.31911372E+0	5.32358048E+0
3.32869021E+0	5.32379064E+0
3.33727880E+0	5.32490154E+0
3.34739369E+0	5.32595916E+0
3.35472091E+0	5.32612475E+0
3.36177157E+0	5.32642177E+0
3.37068566E+0	5.32898750E+0
3.37786232E+0	5.33019686E+0
3.38181020E+0	5.32961175E+0
3.38447447E+0	5.32821047E+0
3.38613199E+0	5.32928046E+0
3.38691081E+0	5.32981138E+0
3.38572703E+0	5.32960025E+0
3.38246584E+0	5.33114194E+0
3.37399684E+0	5.33461526E+0
3.36406252E+0	5.33248176E+0
3.34545303E+0	5.32765105E+0
3.33427446E+0	5.32200343E+0
3.30689966E+0	5.31803683E+0
3.28397128E+0	5.31649069E+0
3.25976298E+0	5.31547071E+0
3.22624870E+0	5.31214781E+0
3.20006199E+0	5.30524953E+0
3.17265059E+0	5.29553838E+0
3.13404909E+0	5.28982679E+0
3.09395317E+0	5.29199485E+0
3.06264421E+0	5.28197261E+0
3.03050902E+0	5.27471555E+0
2.98530278E+0	5.26195924E+0
2.94948519E+0	5.25452395E+0
2.91240415E+0	5.24528125E+0
2.87377473E+0	5.24177308E+0
2.83420949E+0	5.23867677E+0
2.78008380E+0	5.23395231E+0
2.73807932E+0	5.22616667E+0
2.69519263E+0	5.22107286E+0
2.63451096E+0	5.22152724E+0
2.58735852E+0	5.22043311E+0
2.53898262E+0	5.21117404E+0
2.47419764E+0	5.17826721E+0
2.40952781E+0	5.15604843E+0
2.37729029E+0	5.13614732E+0
2.31302065E+0	5.12615107E+0
2.26584342E+0	5.11305123E+0
2.21892495E+0	5.09930322E+0
2.15641789E+0	5.08310496E+0
2.10902208E+0	5.06770969E+0
2.06218023E+0	5.05217989E+0
2.00194033E+0	5.04060526E+0
1.95835996E+0	5.02118720E+0
1.91564495E+0	5.00913193E+0
1.86074399E+0	4.99386786E+0
1.82045587E+0	4.97851012E+0
1.78060577E+0	4.96096178E+0
1.72572941E+0	4.94036845E+0
1.68127434E+0	4.92122864E+0
1.63349923E+0	4.88728525E+0
1.56289540E+0	4.86328709E+0
1.50738512E+0	4.83148767E+0
1.45032973E+0	4.79709643E+0
1.37391542E+0	4.76209960E+0
1.31672427E+0	4.72496657E+0
1.26041238E+0	4.68785449E+0
1.18715242E+0	4.65657736E+0
1.13260779E+0	4.59936637E+0
1.07811147E+0	4.56246465E+0
1.00631674E+0	4.51216689E+0
9.54351378E-1	4.47354454E+0
9.03131050E-1	4.40343483E+0
8.35899161E-1	4.36126036E+0
7.86567052E-1	4.29781660E+0
7.38063476E-1	4.23205949E+0
6.74358162E-1	4.15844872E+0
6.11272250E-1	4.08544143E+0
5.80795133E-1	4.00390284E+0
5.22288181E-1	3.94246766E+0
4.67969981E-1	3.83181422E+0
4.41905413E-1	3.76526813E+0
3.92559821E-1	3.66659849E+0
3.46279411E-1	3.56926701E+0
3.24311653E-1	3.46642147E+0
2.83351193E-1	3.36245421E+0
2.54123688E-1	3.24525013E+0
2.26312063E-1	3.12347786E+0
1.92319674E-1	3.02539756E+0
1.68717551E-1	2.86831599E+0
1.46572853E-1	2.76148404E+0
1.18860935E-1	2.62229458E+0
9.93860873E-2	2.51083146E+0
8.09095385E-2	2.32328562E+0
5.82972695E-2	2.20335888E+0
4.28709658E-2	2.03650895E+0
2.85345413E-2	1.86088443E+0
1.11091456E-2	1.67921210E+0
-8.61166507E-4	1.54275802E+0
-1.20743556E-2	1.30665800E+0
-2.53770181E-2	1.16577453E+0
-3.46354617E-2	9.55187686E-1
-4.34573010E-2	7.42532740E-1
-5.48230742E-2	5.23948263E-1
-6.31181839E-2	3.68845025E-1
-7.12077048E-2	1.02797868E-1
-8.18351671E-2	-5.33116265E-2
-9.26923731E-2	-2.72024824E-1
-9.83824799E-2	-4.85799350E-1
-1.10713587E-1	-7.11601126E-1
-1.20874297E-1	-9.35308022E-1
-1.31965424E-1	-1.18609170E+0
-1.49239744E-1	-1.43802643E+0
-1.64041913E-1	-1.68851022E+0
-1.80220274E-1	-1.91248244E+0
-2.03693632E-1	-2.07848333E+0
-2.23058847E-1	-2.28990905E+0
-2.44726266E-1	-2.52196860E+0
-2.80303713E-1	-2.75653065E+0
-3.23322812E-1	-2.99055324E+0
-3.47649946E-1	-3.19433288E+0
-4.02765641E-1	-3.33924996E+0
-4.50374257E-1	-3.52886296E+0
-5.05537263E-1	-3.72094681E+0
-5.95946267E-1	-3.90689234E+0
-7.05347130E-1	-4.02720036E+0
-7.65069368E-1	-4.19848218E+0
-8.95627855E-1	-4.27857036E+0
-1.03296038E+0	-4.38264953E+0
-1.10461771E+0	-4.47185129E+0
-1.25452611E+0	-4.55359646E+0
-1.40810396E+0	-4.62015352E+0
-1.48335451E+0	-4.67694031E+0
-1.62684798E+0	-4.71281298E+0
-1.73177129E+0	-4.75897827E+0
-1.83590453E+0	-4.79968938E+0
-1.97292808E+0	-4.83413514E+0
-2.07323622E+0	-4.86240583E+0
-2.16942705E+0	-4.88913901E+0
-2.28922118E+0	-4.91234725E+0
-2.37378298E+0	-4.92911487E+0
-2.45497213E+0	-4.95240092E+0
-2.55815879E+0	-4.96603812E+0
-2.63080688E+0	-4.98089671E+0
-2.69878400E+0	-4.99046729E+0
-2.77928828E+0	-5.00365905E+0
-2.83337572E+0	-5.01063282E+0
-2.88296426E+0	-5.02169966E+0
-2.94254039E+0	-5.02723766E+0
-2.98300121E+0	-5.03433217E+0
-3.02004234E+0	-5.03873112E+0
-3.06381042E+0	-5.04441038E+0
-3.09351767E+0	-5.04976059E+0
-3.12101058E+0	-5.05401958E+0
-3.15351555E+0	-5.05672647E+0
-3.17484566E+0	-5.05859019E+0
-3.19463785E+0	-5.06105047E+0
-3.21843993E+0	-5.06322528E+0
-3.23982780E+0	-5.06595591E+0
-3.24960544E+0	-5.06884750E+0
-3.26686668E+0	-5.07129513E+0
-3.27806437E+0	-5.07343466E+0
-3.28810612E+0	-5.07488704E+0
-3.29984698E+0	-5.07704167E+0
-3.30991747E+0	-5.07899127E+0
-3.31447602E+0	-5.08004317E+0
-3.32261757E+0	-5.08084520E+0
-3.32826404E+0	-5.08143157E+0
-3.33355215E+0	-5.08140525E+0
-3.33911589E+0	-5.08089521E+0
-3.34279996E+0	-5.07603262E+0
-3.34409316E+0	-5.07360364E+0
-3.34518399E+0	-5.07293419E+0
-3.34470597E+0	-5.07653608E+0
-3.34282866E+0	-5.07903475E+0
-3.33711127E+0	-5.08077431E+0
-3.33005782E+0	-5.07962107E+0
-3.32072852E+0	-5.07838304E+0
-3.30394589E+0	-5.07463706E+0
-3.28834568E+0	-5.07111521E+0
-3.27029900E+0	-5.06672714E+0
-3.24241552E+0	-5.06416610E+0
-3.21929123E+0	-5.06020750E+0
-3.19470766E+0	-5.05909300E+0
-3.15870596E+0	-5.05544042E+0
-3.12029114E+0	-5.05058751E+0
-3.10019075E+0	-5.04710809E+0
-3.05898499E+0	-5.04201943E+0
-3.02725549E+0	-5.03730109E+0
-2.99498367E+0	-5.03051682E+0
-2.95087098E+0	-5.02233270E+0
-2.91657457E+0	-5.01502918E+0
-2.88169702E+0	-5.00930270E+0
-2.83350402E+0	-4.99988284E+0
-2.79527554E+0	-4.99211894E+0
-2.75546314E+0	-4.98351078E+0
-2.69916009E+0	-4.97613910E+0
-2.65574807E+0	-4.96008958E+0
-2.61084486E+0	-4.95086626E+0
-2.54863041E+0	-4.93789920E+0
-2.49992883E+0	-4.92398650E+0
-2.45045948E+0	-4.91052279E+0
-2.38332103E+0	-4.90167053E+0
-2.33186933E+0	-4.88450290E+0
-2.27964036E+0	-4.87435247E+0
-2.21047348E+0	-4.86036956E+0
-2.16020153E+0	-4.84705450E+0
