6.67014983E+0	5.60200074E+0
6.82959404E+0	5.60908144E+0
6.99077442E+0	5.61725971E+0
7.20183541E+0	5.62261875E+0
7.30559870E+0	5.62852361E+0
7.45837470E+0	5.63394353E+0
7.64013179E+0	5.63963313E+0
7.75680020E+0	5.64483219E+0
7.86028503E+0	5.65072302E+0
7.98967448E+0	5.65676154E+0
8.08844830E+0	5.66009230E+0
8.19406209E+0	5.66275131E+0
8.34589142E+0	5.66593673E+0
8.42717901E+0	5.67036088E+0
8.59860672E+0	5.67497676E+0
8.73065046E+0	5.67839964E+0
8.86116157E+0	5.68147074E+0
9.02484911E+0	5.68356603E+0
9.17488118E+0	5.68586130E+0
9.24468108E+0	5.68706284E+0
9.37068542E+0	5.68803199E+0
9.48303567E+0	5.68994400E+0
9.53605844E+0	5.69200527E+0
9.63136374E+0	5.69413438E+0
9.69318413E+0	5.69681341E+0
9.74704225E+0	5.69926420E+0
9.80872956E+0	5.70158425E+0
9.85241490E+0	5.70259187E+0
9.89393055E+0	5.70311313E+0
9.94432537E+0	5.70230549E+0
9.97871977E+0	5.70317607E+0
1.00110690E+1	5.70388919E+0
1.00493417E+1	5.70451298E+0
1.00819489E+1	5.70590918E+0
1.00968468E+1	5.70675350E+0
1.01228693E+1	5.70718475E+0
1.01405636E+1	5.70698580E+0
1.01568661E+1	5.70745448E+0
1.01776642E+1	5.70752561E+0
1.01927838E+1	5.70947030E+0
1.02066195E+1	5.71052198E+0
1.02199561E+1	5.71034345E+0
1.02250645E+1	5.70985738E+0
1.02261856E+1	5.70873754E+0
1.02180873E+1	5.70818090E+0
1.02009971E+1	5.70698374E+0
1.01721492E+1	5.70628905E+0
1.01072749E+1	5.70364011E+0
1.00395742E+1	5.70107631E+0
9.95631509E+0	5.69866443E+0
9.82234340E+0	5.69670315E+0
9.70852294E+0	5.69385434E+0
9.58762331E+0	5.68921082E+0
9.41464328E+0	5.68667265E+0
9.23452707E+0	5.68288884E+0
9.14059676E+0	5.68074772E+0
8.94408516E+0	5.67616834E+0
8.78795619E+0	5.67167358E+0
8.62676252E+0	5.66565498E+0
8.40150390E+0	5.65950569E+0
8.22793603E+0	5.65260649E+0
8.04624229E+0	5.64734260E+0
7.78956897E+0	5.63742271E+0
7.58599397E+0	5.63184647E+0
7.37750160E+0	5.62250586E+0
7.08867772E+0	5.61547892E+0
6.86977837E+0	5.60218073E+0
6.65050819E+0	5.59547614E+0
6.36230070E+0	5.58442410E+0
6.07511920E+0	5.57328963E+0
5.93401298E+0	5.56136560E+0
5.66042884E+0	5.54962611E+0
5.40226802E+0	5.53626212E+0
5.21265827E+0	5.52559845E+0
5.01185411E+0	5.50049513E+0
4.69883197E+0	5.48101927E+0
4.41719952E+0	5.43683055E+0
4.10312177E+0	5.40599364E+0
3.76865507E+0	5.35747084E+0
3.43598143E+0	5.30661467E+0
3.02254261E+0	5.24847375E+0
2.65001797E+0	5.18465800E+0
2.38920986E+0	5.10544409E+0
2.14019337E+0	5.01226692E+0
1.81768909E+0	4.88854535E+0
1.65606458E+0	4.73373414E+0
1.33500420E+0	4.57817839E+0
1.09872025E+0	4.27007019E+0
8.74295517E-1	4.02805850E+0
6.12714127E-1	3.67324196E+0
3.99097153E-1	3.24089974E+0
3.10766766E-1	2.75756457E+0
1.71131027E-1	2.34022672E+0
7.04321641E-2	1.54408938E+0
1.40919742E-2	9.98406417E-1
-2.84483268E-2	1.23345928E-2
-7.82014613E-2	-6.43752273E-1
-1.20212363E-1	-1.57383765E+0
-1.76936868E-1	-2.50458329E+0
-2.72070777E-1	-3.36311445E+0
-4.30541524E-1	-3.90465348E+0
-8.44508144E-1	-4.57111515E+0
-1.32902813E+0	-4.81077766E+0
-1.92117668E+0	-5.03650099E+0
-2.78506532E+0	-5.11039347E+0
-3.60400174E+0	-5.17604028E+0
-4.16980589E+0	-5.21431900E+0
-4.68953365E+0	-5.24308442E+0
-5.29762018E+0	-5.26763682E+0
-5.70477968E+0	-5.28610577E+0
-6.08198978E+0	-5.29421596E+0
-6.53609461E+0	-5.30422564E+0
-6.83828155E+0	-5.31737966E+0
-7.10996711E+0	-5.33054235E+0
-7.43229603E+0	-5.34119585E+0
-7.64758804E+0	-5.34821247E+0
-7.83661805E+0	-5.35088036E+0
-8.12190577E+0	-5.35557830E+0
-8.22819354E+0	-5.35978348E+0
-8.42811842E+0	-5.36452560E+0
-8.60941857E+0	-5.37141737E+0
-8.69557854E+0	-5.37100351E+0
-8.85927410E+0	-5.36983001E+0
-8.97128973E+0	-5.37144466E+0
-9.07697445E+0	-5.37520617E+0
-9.20327611E+0	-5.37533376E+0
-9.31746488E+0	-5.37464954E+0
-9.36906412E+0	-5.37539138E+0
-9.46603747E+0	-5.37569733E+0
-9.55720823E+0	-5.37630654E+0
-9.59943580E+0	-5.37974127E+0
-9.67831013E+0	-5.38166227E+0
-9.73172503E+0	-5.38448882E+0
-9.78278415E+0	-5.38728850E+0
-9.84490365E+0	-5.39264692E+0
-9.89908279E+0	-5.39784372E+0
-9.92335577E+0	-5.40338856E+0
-9.96670836E+0	-5.40695432E+0
-1.00047190E+1	-5.41390994E+0
-1.00221224E+1	-5.41593898E+0
-1.00535217E+1	-5.41323900E+0
-1.00807573E+1	-5.41201658E+0
-1.00982355E+1	-5.40874670E+0
-1.01138586E+1	-5.41125253E+0
-1.01320178E+1	-5.41156151E+0
-1.01446819E+1	-5.41317154E+0
-1.01568945E+1	-5.41248400E+0
-1.01686184E+1	-5.41086139E+0
-1.01790352E+1	-5.41072383E+0
-1.01903849E+1	-5.40926533E+0
-1.01965607E+1	-5.40951634E+0
-1.01980580E+1	-5.41266240E+0
-1.01972830E+1	-5.41310882E+0
-1.01916853E+1	-5.41404303E+0
-1.01827486E+1	-5.41339978E+0
-1.01681847E+1	-5.41007184E+0
-1.01336632E+1	-5.40597972E+0
-1.00972929E+1	-5.40351084E+0
-1.00523871E+1	-5.40160507E+0
-9.97762732E+0	-5.39937703E+0
-9.91071833E+0	-5.39924857E+0
-9.83630559E+0	-5.39811942E+0
-9.72734910E+0	-5.39372445E+0
-9.61268433E+0	-5.38945765E+0
-9.52243727E+0	-5.38559435E+0
-9.42861460E+0	-5.38370573E+0
-9.29967896E+0	-5.38421938E+0
-9.20220567E+0	-5.38579032E+0
-9.10114073E+0	-5.38489617E+0
-8.92362577E+0	-5.38371077E+0
-8.84912862E+0	-5.37999836E+0
-8.69742692E+0	-5.37680458E+0
-8.53984108E+0	-5.37235548E+0
-8.45820632E+0	-5.36883607E+0
-8.28570428E+0	-5.36376385E+0
-8.10303210E+0	-5.35795375E+0
-8.00833240E+0	-5.35012210E+0
-7.81264582E+0	-5.34271315E+0
-7.60440683E+0	-5.33725505E+0
-7.49876661E+0	-5.33423371E+0
-7.34131866E+0	-5.32832448E+0
-7.08414783E+0	-5.32199328E+0
-6.98136049E+0	-5.31477027E+0
-6.77722652E+0	-5.31056321E+0
-6.58214277E+0	-5.30519763E+0
-6.48792186E+0	-5.29780074E+0
-6.30243344E+0	-5.28976568E+0
-6.12200631E+0	-5.28118567E+0
-5.99414570E+0	-5.27512512E+0
-5.87496635E+0	-5.26944914E+0
-5.72162675E+0	-5.26180008E+0
-5.61002189E+0	-5.25738955E+0
-5.50112638E+0	-5.25113136E+0
-5.36276413E+0	-5.24506366E+0
-5.26270730E+0	-5.23735011E+0
-5.12951532E+0	-5.22879746E+0
-5.02541394E+0	-5.21809990E+0
-4.86935971E+0	-5.20615835E+0
-4.73261066E+0	-5.19127592E+0
-4.57738587E+0	-5.17419870E+0
-4.35033401E+0	-5.15543445E+0
-4.17082344E+0	-5.13767748E+0
-3.98671535E+0	-5.11864221E+0
-3.73413009E+0	-5.09813856E+0
-3.54601386E+0	-5.07285475E+0
-3.36214518E+0	-5.04695743E+0
-3.08364110E+0	-5.02574650E+0
-2.98024883E+0	-4.99083306E+0
-2.78255389E+0	-4.96620154E+0
-2.59222630E+0	-4.92587790E+0
-2.49928791E+0	-4.89146157E+0
-2.32263299E+0	-4.85801773E+0
-2.15826741E+0	-4.83041931E+0
-2.04037617E+0	-4.78087669E+0
-1.92474296E+0	-4.74369522E+0
-1.77092961E+0	-4.68009568E+0
-1.65452258E+0	-4.63501652E+0
-1.53911940E+0	-4.57449352E+0
-1.38461776E+0	-4.50420156E+0
-1.26958451E+0	-4.42381324E+0
-1.15370226E+0	-4.32655822E+0
-1.00164417E+0	-4.22210158E+0
-8.92546338E-1	-4.13449843E+0
-7.88569410E-1	-3.97221655E+0
-6.57623231E-1	-3.85747688E+0
-5.64216645E-1	-3.64186829E+0
-4.45365386E-1	-3.49977346E+0
-3.63906837E-1	-3.25209194E+0
-2.70574623E-1	-3.09272920E+0
-2.11412973E-1	-2.80543847E+0
-1.58314856E-1	-2.61504142E+0
-9.72132258E-2	-2.29447320E+0
-5.78098868E-2	-2.09193880E+0
-2.42351467E-2	-1.81069695E+0
1.40548066E-2	-1.58611131E+0
3.85508300E-2	-1.15881070E+0
5.96742920E-2	-8.91409201E-1
8.43403294E-2	-3.98355521E-1
1.01138856E-1	-1.03482639E-1
1.22044468E-1	3.13633661E-1
1.43347685E-1	7.27606511E-1
1.61044398E-1	1.17941961E+0
1.81186675E-1	1.62438071E+0
2.15017831E-1	2.19115650E+0
2.46714744E-1	2.50666977E+0
3.00216037E-1	2.93528015E+0
3.53349375E-1	3.33914815E+0
4.56041724E-1	3.83752095E+0
5.63784748E-1	4.09613613E+0
7.06345694E-1	4.40483483E+0
8.84356223E-1	4.64849404E+0
1.17500413E+0	4.84918000E+0
1.42963834E+0	5.00438488E+0
1.80635456E+0	5.12900058E+0
2.10787660E+0	5.22137009E+0
2.42276105E+0	5.30650779E+0
2.83890686E+0	5.34398484E+0
3.13856768E+0	5.38813908E+0
3.52024177E+0	5.42339931E+0
3.88855362E+0	5.45427442E+0
4.15894438E+0	5.47969128E+0
4.42027921E+0	5.50199195E+0
4.74811832E+0	5.52030923E+0
4.97520456E+0	5.53629480E+0
5.18929143E+0	5.55510411E+0
5.45897311E+0	5.57549150E+0
5.71911931E+0	5.59387774E+0
5.91085613E+0	5.60616801E+0
6.09599313E+0	5.61518044E+0
6.32658765E+0	5.62298714E+0
6.48331575E+0	5.62997776E+0
6.63109208E+0	5.63570163E+0
6.81951913E+0	5.64138870E+0
6.95596369E+0	5.64693095E+0
7.12681794E+0	5.65044521E+0
7.28392524E+0	5.65494310E+0
7.39160164E+0	5.65903624E+0
7.49174462E+0	5.66498869E+0
7.62354551E+0	5.66771281E+0
7.71897448E+0	5.67075913E+0
7.81156288E+0	5.67304273E+0
7.92400313E+0	5.67611954E+0
8.03142005E+0	5.67916214E+0
8.10973208E+0	5.68239854E+0
8.18738216E+0	5.68481517E+0
8.28872136E+0	5.68688746E+0
8.36413447E+0	5.69117571E+0
8.44041616E+0	5.69776008E+0
8.57159383E+0	5.70150322E+0
8.62458188E+0	5.70166250E+0
8.73070795E+0	5.70094646E+0
8.83098255E+0	5.70376116E+0
8.87997531E+0	5.70609694E+0
8.97300155E+0	5.71023305E+0
9.06274671E+0	5.71121910E+0
9.10558926E+0	5.71237348E+0
9.16811011E+0	5.71143143E+0
9.26447040E+0	5.71264727E+0
9.31632307E+0	5.71363229E+0
9.36346977E+0	5.71419006E+0
9.42353565E+0	5.71263674E+0
9.46667279E+0	5.71318570E+0
9.50921446E+0	5.71448765E+0
9.56469878E+0	5.71576677E+0
9.60426979E+0	5.71588190E+0
9.64119504E+0	5.71740506E+0
9.68567139E+0	5.71829589E+0
9.72663775E+0	5.71918364E+0
9.75705323E+0	5.71793204E+0
9.78714660E+0	5.71762655E+0
9.82718309E+0	5.72159016E+0
9.85605831E+0	5.72325079E+0
9.88354240E+0	5.72372396E+0
9.91641596E+0	5.72465241E+0
9.93870821E+0	5.72636794E+0
9.95925802E+0	5.72812077E+0
9.98591402E+0	5.72840326E+0
1.00053242E+1	5.72990519E+0
1.00301353E+1	5.73042926E+0
1.00519855E+1	5.72983556E+0
1.00672542E+1	5.72833906E+0
1.00811917E+1	5.72646315E+0
1.00967052E+1	5.72603121E+0
1.01085752E+1	5.72603876E+0
1.01249815E+1	5.72831823E+0
1.01367537E+1	5.73054163E+0
1.01484112E+1	5.73292839E+0
1.01555066E+1	5.73156127E+0
1.01619037E+1	5.73142549E+0
1.01708225E+1	5.73053883E+0
1.01775096E+1	5.73062197E+0
1.01845359E+1	5.73105494E+0
1.01939088E+1	5.73226049E+0
1.02009746E+1	5.73297931E+0
1.02099028E+1	5.73087428E+0
1.02170524E+1	5.73066739E+0
1.02210893E+1	5.73110889E+0
1.02241144E+1	5.73340170E+0
1.02261377E+1	5.73343763E+0
1.02264135E+1	5.73290962E+0
1.02258329E+1	5.73245547E+0
1.02247764E+1	5.73384531E+0
1.02221793E+1	5.73711312E+0
1.02195253E+1	5.73918982E+0
1.02147584E+1	5.73896689E+0
1.02078387E+1	5.73570990E+0
1.02007686E+1	5.73426244E+0
1.01914473E+1	5.73140883E+0
1.01753731E+1	5.73086457E+0
1.01656333E+1	5.72956914E+0
1.01433687E+1	5.72731020E+0
1.01176138E+1	5.72465927E+0
1.01035246E+1	5.72429564E+0
1.00721527E+1	5.72335268E+0
1.00363059E+1	5.72158608E+0
1.00072332E+1	5.72076187E+0
9.97623128E+0	5.71827867E+0
9.93175276E+0	5.71772957E+0
9.88542997E+0	5.71752724E+0
9.85098846E+0	5.71954528E+0
9.81728313E+0	5.71970006E+0
9.77626959E+0	5.71836023E+0
9.74746261E+0	5.71784160E+0
9.71830206E+0	5.71939869E+0
9.67699244E+0	5.72011329E+0
9.64371455E+0	5.71900840E+0
9.60911144E+0	5.71723680E+0
9.54959100E+0	5.71384053E+0
9.51437962E+0	5.71514083E+0
9.48047956E+0	5.71476141E+0
9.43589287E+0	5.71539888E+0
9.40365819E+0	5.71528175E+0
9.37110354E+0	5.71259225E+0
9.33083744E+0	5.71327624E+0
9.30218338E+0	5.71547985E+0
9.27468381E+0	5.71822960E+0
9.23493509E+0	5.71757623E+0
9.19118939E+0	5.71070336E+0
9.15542698E+0	5.70508945E+0
9.11824610E+0	5.69761442E+0
9.07940092E+0	5.69549425E+0
9.02790232E+0	5.69356855E+0
8.99010121E+0	5.69305725E+0
8.94304359E+0	5.69156310E+0
8.90894729E+0	5.69147590E+0
8.87627341E+0	5.69110529E+0
8.82474960E+0	5.68925484E+0
8.80608829E+0	5.68764849E+0
8.77125494E+0	5.68692330E+0
8.74106131E+0	5.68568675E+0
8.71904580E+0	5.68553381E+0
8.69771671E+0	5.68481159E+0
8.66697905E+0	5.68489960E+0
8.64257735E+0	5.68478419E+0
8.61749827E+0	5.68443086E+0
8.58217778E+0	5.68426659E+0
8.55481715E+0	5.68381433E+0
8.52579540E+0	5.68572864E+0
8.48533411E+0	5.69487630E+0
8.44346287E+0	5.70542064E+0
