-2.55874028E-3	1.69113765E+0
-1.70859278E-4	1.71722998E+0
1.42390860E-3	1.73255045E+0
2.93590693E-3	1.75304520E+0
4.86494129E-3	1.77319161E+0
5.84008298E-3	1.79251831E+0
7.68766245E-3	1.80491886E+0
8.90989277E-3	1.82317209E+0
1.00184769E-2	1.83364273E+0
1.14323121E-2	1.85010829E+0
1.30361631E-2	1.86962994E+0
1.39475576E-2	1.89324914E+0
1.60999797E-2	1.91234846E+0
1.79251297E-2	1.93834680E+0
1.98898063E-2	1.96596921E+0
2.27070338E-2	1.99157538E+0
2.48438823E-2	2.01564386E+0
2.69612526E-2	2.04309955E+0
2.98673811E-2	2.07073954E+0
3.21904314E-2	2.09178312E+0
3.45269668E-2	2.11495883E+0
3.75783881E-2	2.14087770E+0
4.00144944E-2	2.17015258E+0
4.26157805E-2	2.19230238E+0
4.61969757E-2	2.22506354E+0
4.79687307E-2	2.24577274E+0
5.16252058E-2	2.27520669E+0
5.45851834E-2	2.29833879E+0
5.77601945E-2	2.33866605E+0
6.10261043E-2	2.36003887E+0
6.52910340E-2	2.38720869E+0
6.83163445E-2	2.41404590E+0
7.13185896E-2	2.44249718E+0
7.54522147E-2	2.46255398E+0
7.86034335E-2	2.49650399E+0
8.18566751E-2	2.51547931E+0
8.61507125E-2	2.54057062E+0
8.82817489E-2	2.56297400E+0
9.23946244E-2	2.58238349E+0
9.51440178E-2	2.59699335E+0
9.75680463E-2	2.61087631E+0
1.00319710E-1	2.62493373E+0
1.02340006E-1	2.63791030E+0
1.04494426E-1	2.65925537E+0
1.07567232E-1	2.67450779E+0
1.10151945E-1	2.69440392E+0
1.12884176E-1	2.71384612E+0
1.16658247E-1	2.73226848E+0
1.20243164E-1	2.75077900E+0
1.22023228E-1	2.76745311E+0
1.25624809E-1	2.78079136E+0
1.28474818E-1	2.79973354E+0
1.31343760E-1	2.81428286E+0
1.35284509E-1	2.83895499E+0
1.38227641E-1	2.85392693E+0
1.41190614E-1	2.87435994E+0
1.45115195E-1	2.89182704E+0
1.49000820E-1	2.90961891E+0
1.50987243E-1	2.92189965E+0
1.54968765E-1	2.93922994E+0
1.59502489E-1	2.95472897E+0
1.63326368E-1	2.97485506E+0
1.67536453E-1	2.99664963E+0
1.71966021E-1	3.02031627E+0
1.76491800E-1	3.04178241E+0
1.82491938E-1	3.06409234E+0
1.86898531E-1	3.08445749E+0
1.91244374E-1	3.10133559E+0
1.97043599E-1	3.12869674E+0
2.01520932E-1	3.14553248E+0
2.06160312E-1	3.16970800E+0
2.12476552E-1	3.18458639E+0
2.17259363E-1	3.20915610E+0
2.22063242E-1	3.22502407E+0
2.28749797E-1	3.24616635E+0
2.35842854E-1	3.26296039E+0
2.39581554E-1	3.29273381E+0
2.47337373E-1	3.30870305E+0
2.53025131E-1	3.32691102E+0
2.58355242E-1	3.34361597E+0
2.64908900E-1	3.36005870E+0
2.69818345E-1	3.37822558E+0
2.74936195E-1	3.39511924E+0
2.82094592E-1	3.40790407E+0
2.87405043E-1	3.42760148E+0
2.92418007E-1	3.44065305E+0
2.98713679E-1	3.45914219E+0
3.03497081E-1	3.47797606E+0
3.08585779E-1	3.49598645E+0
3.15873528E-1	3.50859956E+0
3.21438105E-1	3.52872399E+0
3.26809489E-1	3.53846390E+0
3.33343895E-1	3.55416281E+0
3.39156060E-1	3.56241593E+0
3.43217220E-1	3.57342756E+0
3.46950564E-1	3.58295359E+0
3.50499884E-1	3.59111467E+0
3.53808428E-1	3.59916229E+0
3.57985187E-1	3.60710949E+0
3.61747861E-1	3.61345990E+0
3.63485744E-1	3.61871757E+0
3.66239587E-1	3.62233639E+0
3.67800713E-1	3.62505843E+0
3.69187214E-1	3.62966020E+0
3.71329874E-1	3.63458159E+0
3.73126102E-1	3.63872041E+0
3.74919283E-1	3.64181076E+0
3.77182382E-1	3.64850196E+0
3.79008109E-1	3.65363077E+0
3.81092234E-1	3.66122270E+0
3.84159591E-1	3.66598966E+0
3.86742715E-1	3.67375136E+0
3.89644892E-1	3.68391193E+0
3.94347656E-1	3.69560469E+0
3.98282910E-1	3.70421548E+0
4.02255714E-1	3.71656118E+0
4.07294512E-1	3.72352276E+0
4.10959749E-1	3.73241003E+0
4.14577312E-1	3.74009872E+0
4.19340826E-1	3.74575210E+0
4.22631071E-1	3.74994133E+0
4.25854346E-1	3.75932550E+0
4.30124137E-1	3.76636688E+0
4.33682220E-1	3.77773716E+0
4.37476858E-1	3.78322753E+0
4.43062820E-1	3.79156061E+0
4.47278035E-1	3.80035859E+0
4.51397448E-1	3.80983763E+0
4.56714709E-1	3.81856780E+0
4.60812056E-1	3.82768208E+0
4.65148182E-1	3.83785782E+0
4.71710829E-1	3.85070415E+0
4.79244943E-1	3.86505149E+0
4.85428061E-1	3.88050897E+0
4.91803963E-1	3.90032076E+0
5.00839675E-1	3.91510278E+0
5.08057002E-1	3.92196753E+0
5.15458261E-1	3.92711138E+0
5.25093714E-1	3.94081239E+0
5.32066858E-1	3.95038271E+0
5.39014440E-1	3.96324604E+0
5.46005792E-1	3.97229629E+0
5.53129496E-1	3.98879778E+0
5.63001231E-1	3.99914339E+0
5.70890356E-1	4.02103317E+0
5.79086548E-1	4.03073405E+0
5.90094154E-1	4.04186538E+0
5.98259017E-1	4.05153816E+0
6.06322720E-1	4.06371110E+0
6.16778169E-1	4.07436843E+0
6.24190370E-1	4.08423742E+0
6.31025804E-1	4.09141418E+0
6.39897426E-1	4.10196703E+0
6.48868845E-1	4.11208744E+0
6.53571836E-1	4.12325230E+0
6.63375238E-1	4.13273226E+0
6.70639967E-1	4.14163609E+0
6.77544594E-1	4.15312750E+0
6.85762884E-1	4.16570525E+0
6.91625300E-1	4.17644172E+0
6.97584113E-1	4.18209854E+0
7.05650857E-1	4.19051184E+0
7.13307876E-1	4.19606548E+0
7.18623412E-1	4.20584881E+0
7.23701893E-1	4.21214756E+0
7.30554126E-1	4.21945735E+0
7.35943988E-1	4.22494949E+0
7.41500982E-1	4.23147333E+0
7.47290989E-1	4.23731919E+0
7.52919812E-1	4.24411099E+0
7.60359028E-1	4.24981260E+0
7.68027580E-1	4.25828363E+0
7.72230037E-1	4.26662306E+0
7.80954594E-1	4.27342390E+0
7.89643873E-1	4.27869369E+0
7.95867079E-1	4.28712089E+0
8.02028673E-1	4.29251467E+0
8.10695340E-1	4.29981691E+0
8.17643694E-1	4.30729509E+0
8.24846491E-1	4.31543437E+0
8.34767489E-1	4.32193521E+0
8.42556952E-1	4.33209996E+0
8.50680951E-1	4.33863796E+0
8.61671956E-1	4.34937940E+0
8.69895323E-1	4.35514699E+0
8.78066248E-1	4.36308695E+0
8.89102549E-1	4.37050105E+0
8.97458016E-1	4.37781043E+0
9.06047133E-1	4.38593152E+0
9.17688624E-1	4.39390378E+0
9.23421194E-1	4.40072830E+0
9.34323144E-1	4.40751981E+0
9.44448005E-1	4.41248760E+0
9.49347912E-1	4.42105865E+0
9.59029313E-1	4.42563931E+0
9.68538587E-1	4.43152253E+0
9.75412613E-1	4.43791385E+0
9.82201235E-1	4.44553102E+0
9.91130382E-1	4.45012100E+0
9.97941161E-1	4.45575275E+0
1.00463357E+0	4.46069245E+0
1.01129288E+0	4.46628060E+0
1.01782606E+0	4.47093965E+0
1.02609731E+0	4.47568349E+0
1.03386166E+0	4.47936342E+0
1.03923704E+0	4.48215761E+0
1.04419424E+0	4.48670541E+0
1.04856061E+0	4.48927993E+0
1.05245373E+0	4.49206828E+0
1.05680202E+0	4.49388673E+0
1.06021300E+0	4.49437246E+0
1.06215906E+0	4.49527919E+0
1.06334760E+0	4.49501874E+0
1.06340017E+0	4.49402926E+0
1.06216055E+0	4.49018735E+0
1.05971755E+0	4.48668085E+0
1.05456601E+0	4.47805510E+0
1.04919586E+0	4.47166887E+0
1.04239593E+0	4.45996044E+0
1.03091903E+0	4.45151012E+0
1.02039874E+0	4.43832392E+0
1.00818702E+0	4.42212066E+0
9.89445804E-1	4.40235591E+0
9.73244210E-1	4.37823183E+0
9.54478744E-1	4.35034429E+0
9.26415768E-1	4.32818634E+0
9.03491843E-1	4.28430518E+0
8.79077485E-1	4.25608070E+0
8.44871215E-1	4.20192374E+0
8.18528233E-1	4.16836182E+0
7.91891396E-1	4.10673260E+0
7.55217010E-1	4.06786221E+0
7.27143910E-1	4.00576103E+0
6.98276784E-1	3.94129851E+0
6.59123638E-1	3.86810359E+0
6.29639730E-1	3.79381672E+0
6.00571179E-1	3.70895600E+0
5.53642398E-1	3.62250736E+0
5.35477401E-1	3.52868102E+0
5.00640063E-1	3.45915344E+0
4.67748468E-1	3.33558557E+0
4.52142348E-1	3.26043699E+0
4.22788767E-1	3.15563461E+0
3.96468171E-1	3.05284945E+0
3.83954608E-1	2.93945187E+0
3.60201925E-1	2.82944470E+0
3.38394848E-1	2.71270472E+0
3.23460253E-1	2.60095571E+0
3.09527452E-1	2.47699773E+0
2.91979223E-1	2.35563762E+0
2.83630430E-1	2.22370289E+0
2.71654995E-1	2.09960894E+0
2.53410677E-1	1.96960735E+0
2.46591000E-1	1.84145313E+0
2.36685577E-1	1.70455328E+0
2.21189653E-1	1.57396443E+0
2.15470976E-1	1.47254468E+0
2.04921907E-1	1.31407378E+0
1.95086815E-1	1.21167137E+0
1.90340096E-1	1.04623519E+0
1.83409352E-1	9.39311972E-1
1.72369953E-1	8.07052803E-1
1.68109789E-1	6.66380511E-1
1.61858979E-1	5.31826438E-1
1.53698614E-1	3.88389137E-1
1.47759774E-1	2.52567454E-1
1.40124506E-1	1.08584563E-1
1.34715576E-1	-2.86736785E-2
1.29413346E-1	-1.32913041E-1
1.22546222E-1	-2.99657411E-1
1.15904302E-1	-3.98865629E-1
1.12614058E-1	-5.29719703E-1
1.06047735E-1	-6.57240744E-1
1.01013343E-1	-7.79832592E-1
9.59486204E-2	-8.68372564E-1
8.90353208E-2	-1.01859419E+0
8.18596316E-2	-1.10760296E+0
7.80664930E-2	-1.22571916E+0
7.01399129E-2	-1.33330160E+0
6.19531227E-2	-1.44077888E+0
5.76869655E-2	-1.54311675E+0
4.86683291E-2	-1.65097424E+0
3.86563901E-2	-1.75042094E+0
3.33695970E-2	-1.85222222E+0
2.20200568E-2	-1.94821951E+0
9.73242702E-3	-2.04538263E+0
3.39322225E-3	-2.13557056E+0
-9.78724848E-3	-2.22740632E+0
-2.01329605E-2	-2.31464820E+0
-3.09652633E-2	-2.40242890E+0
-4.58770067E-2	-2.48358522E+0
-6.15071746E-2	-2.56525925E+0
-6.96415380E-2	-2.62116563E+0
-8.62983766E-2	-2.71236197E+0
-1.03287980E-1	-2.76230106E+0
-1.11959379E-1	-2.84629597E+0
-1.29602933E-1	-2.89310614E+0
-1.43058123E-1	-2.96666108E+0
-1.56442891E-1	-3.00926273E+0
-1.70124373E-1	-3.06588285E+0
-1.89032468E-1	-3.12102805E+0
-2.03601913E-1	-3.18610874E+0
-2.18298760E-1	-3.22309660E+0
-2.38353256E-1	-3.28386596E+0
-2.53779787E-1	-3.31686645E+0
-2.69436607E-1	-3.36162197E+0
-2.90384968E-1	-3.40178516E+0
-3.06210054E-1	-3.45299037E+0
-3.27626165E-1	-3.48210197E+0
-3.48681360E-1	-3.52071500E+0
-3.59223209E-1	-3.55467922E+0
-3.74944356E-1	-3.58821871E+0
-4.00953498E-1	-3.62136946E+0
-4.11170987E-1	-3.65363161E+0
-4.31444600E-1	-3.68123207E+0
-4.51753855E-1	-3.70909403E+0
-4.61896655E-1	-3.73538643E+0
-4.82354062E-1	-3.76215053E+0
-5.03573164E-1	-3.78716684E+0
-5.14598205E-1	-3.81563410E+0
-5.37461877E-1	-3.84304660E+0
-5.61101229E-1	-3.87128768E+0
-5.79374759E-1	-3.89754655E+0
-5.97709403E-1	-3.92223175E+0
-6.21924746E-1	-3.94392626E+0
-6.39329021E-1	-3.96445833E+0
-6.56196713E-1	-3.98450285E+0
-6.78083841E-1	-4.00462203E+0
-6.89000140E-1	-4.02322596E+0
-7.11030880E-1	-4.04183138E+0
-7.32423832E-1	-4.05910687E+0
-7.48300542E-1	-4.07678290E+0
-7.63960675E-1	-4.09297822E+0
-7.85528296E-1	-4.11467852E+0
-8.01698223E-1	-4.13673374E+0
-8.17856697E-1	-4.15153083E+0
-8.39338823E-1	-4.15969106E+0
-8.55176678E-1	-4.17144042E+0
-8.70637510E-1	-4.18382742E+0
-8.91034437E-1	-4.19311429E+0
-9.05843383E-1	-4.20781914E+0
-9.20377863E-1	-4.21704288E+0
-9.38419559E-1	-4.22943354E+0
-9.50822695E-1	-4.23639888E+0
-9.62280432E-1	-4.24551403E+0
-9.75719228E-1	-4.25132677E+0
-9.87266275E-1	-4.25848025E+0
-9.92447620E-1	-4.26209306E+0
-1.00127802E+0	-4.26648565E+0
-1.00708358E+0	-4.26921313E+0
-1.01202133E+0	-4.27230388E+0
-1.01682773E+0	-4.27288190E+0
-1.01952344E+0	-4.27243646E+0
-1.02023796E+0	-4.27053779E+0
-1.01966229E+0	-4.26838077E+0
-1.01675813E+0	-4.26559173E+0
-1.01305981E+0	-4.25868120E+0
-1.00790711E+0	-4.25221852E+0
-9.98826625E-1	-4.23901742E+0
-9.90073864E-1	-4.22859066E+0
-9.79344222E-1	-4.21087121E+0
-9.61971103E-1	-4.19684578E+0
-9.46819272E-1	-4.17090001E+0
-9.29908588E-1	-4.15211669E+0
-8.99243185E-1	-4.12794795E+0
-8.86449940E-1	-4.10081903E+0
-8.59961049E-1	-4.07154734E+0
-8.31558162E-1	-4.03748116E+0
-8.16338629E-1	-4.00107351E+0
-7.84305527E-1	-3.97142292E+0
-7.50710625E-1	-3.91694890E+0
-7.33358885E-1	-3.88057071E+0
-6.97457789E-1	-3.81351549E+0
-6.60582871E-1	-3.76947767E+0
-6.32532545E-1	-3.70790007E+0
-6.04912419E-1	-3.64042773E+0
-5.67957273E-1	-3.56437638E+0
-5.41182021E-1	-3.48328313E+0
-5.14589338E-1	-3.40157954E+0
-4.80336308E-1	-3.31784333E+0
-4.55967457E-1	-3.22954294E+0
-4.32677445E-1	-3.13635439E+0
-4.03067407E-1	-3.04111852E+0
-3.75129092E-1	-2.94249094E+0
-3.55412540E-1	-2.84356715E+0
-3.37372342E-1	-2.74418854E+0
-3.15126888E-1	-2.64443336E+0
-2.99829169E-1	-2.57167326E+0
-2.85607565E-1	-2.44713384E+0
-2.68728296E-1	-2.37750873E+0
-2.57423978E-1	-2.25756176E+0
-2.46892932E-1	-2.18584143E+0
-2.30281637E-1	-2.05952430E+0
-2.20934858E-1	-1.98743132E+0
-2.12197806E-1	-1.87329611E+0
-2.01692095E-1	-1.80879684E+0
-1.96732820E-1	-1.69585469E+0
-1.87237980E-1	-1.62581017E+0
-1.78068548E-1	-1.49982118E+0
-1.71477234E-1	-1.42678301E+0
-1.65119659E-1	-1.29667059E+0
-1.56950154E-1	-1.22375549E+0
-1.51133565E-1	-1.09681388E+0
-1.43714450E-1	-1.01893837E+0
-1.38370196E-1	-8.87498546E-1
-1.31475767E-1	-8.11777919E-1
-1.26450974E-1	-6.88509519E-1
-1.21596265E-1	-6.18809212E-1
-1.15609502E-1	-5.22506461E-1
-1.11405111E-1	-4.28171908E-1
-1.05987395E-1	-3.06965859E-1
-1.00733494E-1	-2.38188443E-1
-9.81163739E-2	-1.17705346E-1
-9.29375716E-2	-5.00665839E-2
-8.79105092E-2	4.46448334E-2
-8.54388631E-2	1.40918584E-1
-8.17058996E-2	2.66482199E-1
-7.52687771E-2	3.39665168E-1
-7.27261648E-2	4.39375303E-1
-6.89637797E-2	5.39023299E-1
-6.37443869E-2	6.49404723E-1
-5.96915083E-2	7.55152625E-1
-5.41573764E-2	8.58595325E-1
-4.88291507E-2	9.51303567E-1
-4.48963652E-2	1.04349118E+0
-4.09829216E-2	1.13024457E+0
-3.57026423E-2	1.21894154E+0
-3.17345780E-2	1.30161364E+0
-2.77149804E-2	1.38428923E+0
-2.22791477E-2	1.46114121E+0
-1.67336195E-2	1.53926247E+0
-1.38816712E-2	1.61420602E+0
-7.77676824E-3	1.69241513E+0
-1.37214973E-3	1.76632980E+0
3.66309580E-3	1.84312916E+0
8.95760360E-3	1.91601070E+0
1.63912744E-2	1.98829213E+0
2.20619550E-2	2.05485947E+0
2.97382186E-2	2.12353816E+0
3.56123547E-2	2.18712285E+0
4.16277879E-2	2.25386934E+0
5.01218682E-2	2.31852183E+0
5.69384995E-2	2.38432434E+0
6.39615825E-2	2.44399273E+0
7.11017170E-2	2.50670111E+0
8.35212412E-2	2.56416415E+0
8.86235556E-2	2.62166449E+0
9.64069732E-2	2.67493429E+0
1.09280764E-1	2.72976335E+0
1.14612686E-1	2.78213183E+0
1.25709048E-1	2.83694872E+0
1.37542544E-1	2.87602826E+0
1.43529055E-1	2.94013821E+0
1.55522281E-1	2.98764363E+0
1.67702572E-1	3.03654271E+0
1.74052859E-1	3.08325006E+0
1.87300642E-1	3.13082970E+0
2.00849408E-1	3.16353566E+0
2.10910243E-1	3.21676638E+0
