3.76796110E-1	3.14689104E+0
3.71235448E-1	3.13987628E+0
3.66885435E-1	3.09278599E+0
3.62302410E-1	3.06114437E+0
3.57513251E-1	3.02770372E+0
3.52405311E-1	3.00511674E+0
3.45154397E-1	2.97763287E+0
3.39459929E-1	2.95469549E+0
3.33675834E-1	2.90949682E+0
3.25834261E-1	2.86883949E+0
3.19802260E-1	2.81849296E+0
3.13606806E-1	2.76861900E+0
3.05126536E-1	2.72121747E+0
2.98756639E-1	2.67137098E+0
2.92429968E-1	2.63685995E+0
2.84033014E-1	2.58537898E+0
2.75748888E-1	2.54000861E+0
2.71610776E-1	2.48917180E+0
2.63461273E-1	2.45064464E+0
2.55510095E-1	2.38088069E+0
2.51557957E-1	2.33590678E+0
2.43770096E-1	2.26673183E+0
2.37970292E-1	2.19518239E+0
2.32322544E-1	2.12179643E+0
2.25037351E-1	2.06171909E+0
2.19760100E-1	1.94818046E+0
2.14546913E-1	1.88662695E+0
2.07784228E-1	1.80935382E+0
2.02737401E-1	1.75140516E+0
1.97828240E-1	1.64879139E+0
1.91501023E-1	1.59034808E+0
1.87001132E-1	1.53404889E+0
1.82615024E-1	1.47816940E+0
1.76956788E-1	1.40022232E+0
1.72769367E-1	1.30850436E+0
1.68662538E-1	1.20281363E+0
1.63348282E-1	1.11559459E+0
1.58266858E-1	1.02795695E+0
1.55782856E-1	9.69781138E-1
1.50858802E-1	9.13959158E-1
1.47158882E-1	8.11697802E-1
1.43471404E-1	7.36247707E-1
1.38694912E-1	6.51547638E-1
1.35204577E-1	5.62398928E-1
1.31780895E-1	4.79551921E-1
1.27313511E-1	4.12529520E-1
1.24003291E-1	3.23738136E-1
1.20715502E-1	2.36879003E-1
1.16328622E-1	1.49184717E-1
1.12028145E-1	8.60253314E-2
1.09873094E-1	5.18171633E-3
1.05596409E-1	-7.04732560E-2
1.02313025E-1	-1.52578235E-1
9.90114802E-2	-2.35708967E-1
9.45085929E-2	-3.18921348E-1
9.10856376E-2	-3.77790866E-1
8.75897183E-2	-4.74670719E-1
8.28556343E-2	-5.33868238E-1
7.79868823E-2	-6.18597214E-1
7.54568403E-2	-6.98811641E-1
7.00692124E-2	-7.79189883E-1
6.57306873E-2	-8.53678039E-1
6.12461886E-2	-9.12038135E-1
5.51357306E-2	-9.99088863E-1
5.04218967E-2	-1.05543093E+0
4.55321227E-2	-1.12281919E+0
3.86983350E-2	-1.19575828E+0
3.32871879E-2	-1.26596005E+0
2.75776918E-2	-1.32077990E+0
1.92905249E-2	-1.41773078E+0
1.26754023E-2	-1.47721550E+0
5.77650767E-3	-1.57805315E+0
-4.03625807E-3	-1.63953404E+0
-1.17384172E-2	-1.72442598E+0
-1.97397819E-2	-1.80919840E+0
-3.08177040E-2	-1.89066270E+0
-3.95504776E-2	-1.94210937E+0
-4.85326993E-2	-2.02979516E+0
-6.10037443E-2	-2.07767078E+0
-7.04643852E-2	-2.13707042E+0
-7.99556282E-2	-2.19162088E+0
-9.28835710E-2	-2.25340038E+0
-1.06221056E-1	-2.31286113E+0
-1.13075431E-1	-2.36762804E+0
-1.26928203E-1	-2.40453696E+0
-1.37421052E-1	-2.45899765E+0
-1.47849428E-1	-2.48540282E+0
-1.61487304E-1	-2.52694263E+0
-1.71602440E-1	-2.56870170E+0
-1.81707178E-1	-2.60980614E+0
-1.95120669E-1	-2.64495623E+0
-2.08236765E-1	-2.67424972E+0
-2.14788706E-1	-2.71658154E+0
-2.28094090E-1	-2.74125197E+0
-2.41595346E-1	-2.77704984E+0
-2.48397551E-1	-2.80091378E+0
-2.62070337E-1	-2.83208602E+0
-2.72245084E-1	-2.85794121E+0
-2.82158079E-1	-2.87998808E+0
-2.94360833E-1	-2.87161221E+0
-3.02630669E-1	-2.86297034E+0
-3.10139403E-1	-2.87286547E+0
-3.18734194E-1	-2.92011043E+0
-3.24385870E-1	-2.94259152E+0
-3.29511906E-1	-2.95299931E+0
-3.35341791E-1	-2.95406672E+0
-3.39050686E-1	-2.95348755E+0
-3.42179413E-1	-2.95580117E+0
-3.45323803E-1	-2.96135990E+0
-3.47315529E-1	-2.96452458E+0
-3.47907366E-1	-2.96176810E+0
-3.48024417E-1	-2.95715661E+0
-3.47380547E-1	-2.95052755E+0
-3.46212263E-1	-2.94206110E+0
-3.43641458E-1	-2.92771968E+0
-3.40991424E-1	-2.91031211E+0
-3.36455136E-1	-2.89019652E+0
-3.32459562E-1	-2.86948553E+0
-3.27861798E-1	-2.84354457E+0
-3.22828204E-1	-2.82265562E+0
-3.15198106E-1	-2.77931322E+0
-3.09054880E-1	-2.75230565E+0
-3.02590833E-1	-2.71310761E+0
-2.93490006E-1	-2.67156162E+0
-2.86270358E-1	-2.62338741E+0
-2.78778197E-1	-2.57418591E+0
-2.68368393E-1	-2.52077937E+0
-2.60526033E-1	-2.46387314E+0
-2.52662152E-1	-2.39927514E+0
-2.42124854E-1	-2.33172847E+0
-2.33978743E-1	-2.27788660E+0
-2.25759487E-1	-2.19098769E+0
-2.14856189E-1	-2.13315447E+0
-2.04440028E-1	-2.05538887E+0
-1.99384005E-1	-1.97132677E+0
-1.89652759E-1	-1.88926313E+0
-1.82443373E-1	-1.80260413E+0
-1.75447384E-1	-1.71953688E+0
-1.66540670E-1	-1.65401938E+0
-1.58277191E-1	-1.54383271E+0
-1.52380517E-1	-1.47686589E+0
-1.46695743E-1	-1.36740285E+0
-1.39396458E-1	-1.29875747E+0
-1.33989781E-1	-1.20416422E+0
-1.28608213E-1	-1.13235617E+0
-1.23318451E-1	-1.00435694E+0
-1.18078633E-1	-9.28184004E-1
-1.11417859E-1	-8.23094239E-1
-1.06577594E-1	-7.22496495E-1
-1.01909591E-1	-6.14189785E-1
-9.58621769E-2	-5.11645569E-1
-9.14717722E-2	-4.04057925E-1
-8.71690876E-2	-3.26712374E-1
-8.15381168E-2	-1.92819353E-1
-7.59827432E-2	-1.12639793E-1
-7.32359082E-2	2.60458402E-2
-6.78073927E-2	1.03874952E-1
-6.37665968E-2	2.09634518E-1
-5.97566300E-2	3.08229019E-1
-5.44464366E-2	4.10553616E-1
-4.91986279E-2	5.05652614E-1
-4.65744284E-2	6.07696558E-1
-4.11225299E-2	7.04280820E-1
-3.53764152E-2	7.97629063E-1
-3.24351161E-2	8.84174434E-1
-2.64639805E-2	9.73620527E-1
-2.04648763E-2	1.05873225E+0
-1.58780097E-2	1.14823968E+0
-1.12520505E-2	1.22800643E+0
-4.81629713E-3	1.30887630E+0
2.67429402E-4	1.38056737E+0
5.61759150E-3	1.45474743E+0
1.28841210E-2	1.52256359E+0
1.83069809E-2	1.57509465E+0
2.37835083E-2	1.64226768E+0
3.13761751E-2	1.71234933E+0
3.74040874E-2	1.77673710E+0
4.36736846E-2	1.84339740E+0
5.23330706E-2	1.90686745E+0
5.90310536E-2	1.97254675E+0
6.60305185E-2	2.03500937E+0
7.60008059E-2	2.08156007E+0
8.37540209E-2	2.15607874E+0
9.17197261E-2	2.19895679E+0
1.02298925E-1	2.26453790E+0
1.07692091E-1	2.30526982E+0
1.18455221E-1	2.35413688E+0
1.26638820E-1	2.39033731E+0
1.34965032E-1	2.44755676E+0
1.46224291E-1	2.48168018E+0
1.54601400E-1	2.53827653E+0
1.62923345E-1	2.57036016E+0
1.73916900E-1	2.61229312E+0
1.85205217E-1	2.65269715E+0
1.93746507E-1	2.69782081E+0
2.02407709E-1	2.73862809E+0
2.13917915E-1	2.76928409E+0
2.22615391E-1	2.78991735E+0
2.31543154E-1	2.83480581E+0
2.43451635E-1	2.87150947E+0
2.52266208E-1	2.89995486E+0
2.60572806E-1	2.92288524E+0
2.71111685E-1	2.94762468E+0
2.78570864E-1	2.96542914E+0
2.85850198E-1	2.99509848E+0
2.95522680E-1	3.01204123E+0
3.00452590E-1	3.03441940E+0
3.10360536E-1	3.05326975E+0
3.17715831E-1	3.07368328E+0
3.24902677E-1	3.09265218E+0
3.34056420E-1	3.10832750E+0
3.42485880E-1	3.11852156E+0
3.46413499E-1	3.13006889E+0
3.53645068E-1	3.14252804E+0
3.58579972E-1	3.15619160E+0
3.63149238E-1	3.16556764E+0
3.68523470E-1	3.17128418E+0
3.72323640E-1	3.17669448E+0
3.76024556E-1	3.18497632E+0
3.80838731E-1	3.19428900E+0
3.84169924E-1	3.20082661E+0
3.88048416E-1	3.20758789E+0
3.90439793E-1	3.20875084E+0
3.93114892E-1	3.21021608E+0
3.94781618E-1	3.21381034E+0
3.96128973E-1	3.22047789E+0
3.97403959E-1	3.22511735E+0
3.97929192E-1	3.22423190E+0
3.98110171E-1	3.21983911E+0
3.97914299E-1	3.21593198E+0
3.97479466E-1	3.21565207E+0
3.96761494E-1	3.21383214E+0
3.95285141E-1	3.20782254E+0
3.93816371E-1	3.19573444E+0
3.91946048E-1	3.18828038E+0
3.88905395E-1	3.17556123E+0
3.86210311E-1	3.16108045E+0
3.83128749E-1	3.14559069E+0
3.78534828E-1	3.12765556E+0
3.74774069E-1	3.10354752E+0
3.70890220E-1	3.08514937E+0
3.66749158E-1	3.06089217E+0
3.62377717E-1	3.03784506E+0
3.56123740E-1	3.00993758E+0
3.51288271E-1	2.98227734E+0
3.44748839E-1	2.95429879E+0
3.39872869E-1	2.92634004E+0
3.33491579E-1	2.89571837E+0
3.28698604E-1	2.87193917E+0
3.23739903E-1	2.82575101E+0
3.16952149E-1	2.79803418E+0
3.11766614E-1	2.74794787E+0
3.06364868E-1	2.70710547E+0
2.98874770E-1	2.66279332E+0
2.93072789E-1	2.62104682E+0
2.87287788E-1	2.57587296E+0
2.79651399E-1	2.53022088E+0
2.74048514E-1	2.47875448E+0
2.66590108E-1	2.43026317E+0
2.59087206E-1	2.37473502E+0
2.55433055E-1	2.33611468E+0
2.48370299E-1	2.28120498E+0
2.41596538E-1	2.22706308E+0
2.38236650E-1	2.15447531E+0
2.31554061E-1	2.11222386E+0
2.25102077E-1	2.05458113E+0
2.21970253E-1	2.00098869E+0
2.16086272E-1	1.94505363E+0
2.10583957E-1	1.89125967E+0
2.06671640E-1	1.83215748E+0
2.02830198E-1	1.77287940E+0
1.97880448E-1	1.71320641E+0
1.94262893E-1	1.65565008E+0
1.90726701E-1	1.59530832E+0
1.87144922E-1	1.53482970E+0
